   1.0000000000000000E-002  0.99995000124997913       0.99995000124997913        0.0000000000000000     
   2.0000000000000000E-002  0.99980001999866674       0.99980001999866674        0.0000000000000000     
   2.9999999999999999E-002  0.99955010123481425       0.99955010123481425        0.0000000000000000     
   4.0000000000000001E-002  0.99920031991468372       0.99920031991468372        0.0000000000000000     
   5.0000000000000003E-002  0.99875078092458081       0.99875078092458092        1.1116116711291897E-016
   6.0000000000000005E-002  0.99820161902843718       0.99820161902843729        1.1122232257104041E-016
   7.0000000000000007E-002  0.99755299880047954       0.99755299880047965        1.1129464058151881E-016
   8.0000000000000002E-002  0.99680511454303278       0.99680511454303289        1.1137814287139950E-016
   8.9999999999999997E-002  0.99595819018951326       0.99595819018951348        2.2294570907919347E-016
   9.9999999999999992E-002  0.99501247919268199       0.99501247919268232        3.3473641220840323E-016
  0.10999999999999999       0.99396826439823394       0.99396826439823427        3.3508807002926949E-016
  0.11999999999999998       0.99282585790381284       0.99282585790381339        5.5912273828625283E-016
  0.12999999999999998       0.99158560090354986       0.99158560090355052        6.7178649444697553E-016
  0.13999999999999999       0.99024786351823391       0.99024786351823468        7.8480968843140431E-016
  0.14999999999999999       0.98881304461123209       0.98881304461123309        1.0105051987410742E-015
  0.16000000000000000       0.98728157159028940       0.98728157159029051        1.1245252181065577E-015
  0.17000000000000001       0.98565390019534405       0.98565390019534527        1.2390204379505174E-015
  0.18000000000000002       0.98393051427250688       0.98393051427250833        1.4668616442694971E-015
  0.19000000000000003       0.98211192553436200       0.98211192553436366        1.6956667500311965E-015
  0.20000000000000004       0.98019867330675348       0.98019867330675525        1.8122416279218281E-015
  0.21000000000000005       0.97819132426223543       0.97819132426223743        2.0429556005646422E-015
  0.22000000000000006       0.97609047214036826       0.97609047214037026        2.0473526802727506E-015
  0.23000000000000007       0.97389673745505512       0.97389673745505712        2.0519644100537947E-015
  0.24000000000000007       0.97161076718912065       0.97161076718912276        2.1710584300031753E-015
  0.25000000000000006       0.96923323447634213       0.96923323447634402        1.9472909870682229E-015
  0.26000000000000006       0.96676483827115134       0.96676483827115300        1.7225849255293775E-015
  0.27000000000000007       0.96420630300623511       0.96420630300623644        1.3817246634837346E-015
  0.28000000000000008       0.96155837823826851       0.96155837823826940        9.2368642383150144E-016
  0.29000000000000009       0.95882183828202305       0.95882183828202316        1.1579033562840075E-016
  0.30000000000000010       0.95599748183310074       0.95599748183309985        9.2905937157602819E-016
  0.31000000000000011       0.95308613157955024       0.95308613157954825        2.0967689887726454E-015
  0.32000000000000012       0.95008863380263031       0.95008863380262687        3.6224950535014697E-015
  0.33000000000000013       0.94700585796699099       0.94700585796698578        5.5100485090348255E-015
  0.34000000000000014       0.94383869630055051       0.94383869630054307        7.8811075389728854E-015
  0.35000000000000014       0.94058806336435208       0.94058806336434198        1.0741184071539148E-014
  0.36000000000000015       0.93725489561269082       0.93725489561267761        1.4096116280516186E-014
  0.37000000000000016       0.93384015094380612       0.93384015094378925        1.8070962099077878E-014
  0.38000000000000017       0.93034480824144195       0.93034480824142074        2.2792903859401997E-014
  0.39000000000000018       0.92676986690758145       0.92676986690755514        2.8391391027219111E-014
  0.40000000000000019       0.92311634638666784       0.92311634638663576        3.4757748075049724E-014
  0.41000000000000020       0.91938528568162858       0.91938528568158973        4.2264985601844931E-014
  0.42000000000000021       0.91557774286202387       0.91557774286197746        5.0686381130528868E-014
  0.43000000000000022       0.91169479456464542       0.91169479456459035        6.0400763884702048E-014
  0.44000000000000022       0.90773753548689429       0.90773753548682945        7.1427061351314885E-014
  0.45000000000000023       0.90370707787327176       0.90370707787319593        8.3907976863868341E-014
  0.46000000000000024       0.89960455099531955       0.89960455099523140        9.7989397738945746E-014
  0.47000000000000025       0.89543110062534892       0.89543110062524700        1.1382056485353636E-013
  0.48000000000000026       0.89118788850430175       0.89118788850418429        1.3180340253781407E-013
  0.49000000000000027       0.88687609180408822       0.88687609180395366        1.5172246926948800E-013
  0.50000000000000022       0.88249690258474889       0.88249690258459534        1.7398796965289130E-013
  0.51000000000000023       0.87805152724679081       0.87805152724661617        1.9889274872189473E-013
  0.52000000000000024       0.87354118597904784       0.87354118597885011        2.2635534976427291E-013
  0.53000000000000025       0.86896711220241896       0.86896711220219569        2.5693245131717753E-013
  0.54000000000000026       0.86433055200983711       0.86433055200958586        2.9067984452074133E-013
  0.55000000000000027       0.85963276360282392       0.85963276360254215        3.2778485834928622E-013
  0.56000000000000028       0.85487501672498456       0.85487501672466937        3.6869988071320175E-013
  0.57000000000000028       0.85005859209279866       0.85005859209244705        4.1362752540774088E-013
  0.58000000000000029       0.84518478082406234       0.84518478082367121        4.6277640162221924E-013
  0.59000000000000030       0.84025488386433600       0.84025488386390201        5.1649349341510924E-013
  0.60000000000000031       0.83527021141175239       0.83527021141127189        5.7526836045775851E-013
  0.61000000000000032       0.83023208234053891       0.83023208234000812        6.3933644503020755E-013
  0.62000000000000033       0.82514182362360600       0.82514182362302091        7.0907511560674927E-013
  0.63000000000000034       0.82000076975455205       0.82000076975390845        7.8487278441013393E-013
  0.64000000000000035       0.81481026216943575       0.81481026216872920        8.6712939892396638E-013
  0.65000000000000036       0.80957164866866094       0.80957164866788667        9.5639408648710650E-013
  0.66000000000000036       0.80428628283932058       0.80428628283847381        1.0528180312776322E-012
  0.67000000000000037       0.79895552347834231       0.79895552347741783        1.1571141139141245E-012
  0.68000000000000038       0.79358073401677420       0.79358073401576656        1.2697364917754829E-012
  0.69000000000000039       0.78816328194554897       0.78816328194445251        1.3911536914213667E-012
  0.70000000000000040       0.78270453824305930       0.78270453824186792        1.5221328988348096E-012
  0.71000000000000041       0.77720587680487463       0.77720587680358222        1.6628935286509248E-012
  0.72000000000000042       0.77166867387592586       0.77166867387452587        1.8142387807749241E-012
  0.73000000000000043       0.76609430748548035       0.76609430748396612        1.9765623742321607E-012
  0.74000000000000044       0.76048415688522497       0.76048415688358928        2.1508555666474269E-012
  0.75000000000000044       0.75483960199077149       0.75483960198900713        2.3374057562496482E-012
  0.76000000000000045       0.74916202282689326       0.74916202282499245        2.5372519996315519E-012
  0.77000000000000046       0.74345279897679739       0.74345279897475236        2.7507204414048988E-012
  0.78000000000000047       0.73771330903573196       0.73771330903353438        2.9789017332790714E-012
  0.79000000000000048       0.73194493006922134       0.73194493006686256        3.2226192726044771E-012
  0.80000000000000049       0.72614903707621936       0.72614903707369061        3.4824186965520928E-012
  0.81000000000000050       0.72032700245746240       0.72032700245475456        3.7591731919432554E-012
  0.82000000000000051       0.71448019548929964       0.71448019548640318        4.0539414069731087E-012
  0.83000000000000052       0.70860998180327139       0.70860998180017654        4.3675050915636361E-012
  0.84000000000000052       0.70271772287170076       0.70271772286839729        4.7009894617256097E-012
  0.85000000000000053       0.69680477549955677       0.69680477549603448        5.0549216822148735E-012
  0.86000000000000054       0.69087249132284134       0.69087249131908945        5.4306514393918607E-012
  0.87000000000000055       0.68492221631374539       0.68492221630975281        5.8292517691547050E-012
  0.88000000000000056       0.67895529029281232       0.67895529028856760        6.2518338847397220E-012
  0.89000000000000057       0.67297304644834199       0.67297304644383360        6.6992187610207752E-012
  0.90000000000000058       0.66697681086325822       0.66697681085847405        7.1729226261359169E-012
  0.91000000000000059       0.66096790204965850       0.66096790204458622        7.6740124851975001E-012
  0.92000000000000060       0.65494763049125593       0.65494763048588289        8.2037633237787875E-012
  0.93000000000000060       0.64891729819391619       0.64891729818822930        8.7636674425465240E-012
  0.94000000000000061       0.64287819824448555       0.64287819823847170        9.3545808463685769E-012
  0.95000000000000062       0.63683161437809721       0.63683161437174274        9.9782616948335096E-012
  0.96000000000000063       0.63077882055413670       0.63077882054742784        1.0635829033356807E-011
  0.97000000000000064       0.62472108054103914       0.62472108053396169        1.1328975374628320E-011
  0.98000000000000065       0.61865964751008262       0.61865964750262203        1.2059276426537856E-011
  0.99000000000000066       0.61259576363833512       0.61259576363047663        1.2828184753730290E-011
   1.0000000000000007       0.60653065972090436       0.60653065971263298        1.3637206043271125E-011
   1.0100000000000007       0.60046555479263153       0.60046555478393193        1.4488086001520398E-011
   1.0200000000000007       0.59440165575936166       0.59440165575021819        1.5382635084293413E-011
   1.0300000000000007       0.58834015703891751       0.58834015702931419        1.6322731035724038E-011
   1.0400000000000007       0.58228224021189201       0.58228224020181285        1.7309749522098001E-011
   1.0500000000000007       0.57622907368237086       0.57622907367179943        1.8345885518784858E-011
   1.0600000000000007       0.57018181234868481       0.57018181233760457        1.9432832809832549E-011
   1.0700000000000007       0.56414159728428559       0.56414159727267965        2.0572740050782377E-011
   1.0800000000000007       0.55810955542883101       0.55810955541668217        2.1767836392794657E-011
   1.0900000000000007       0.55208679928955529       0.55208679927684634        2.3019831345607189E-011
   1.1000000000000008       0.54607442665299555       0.54607442663970895        2.4331104697506444E-011
   1.1100000000000008       0.54007352030713429       0.54007352029325228        2.5703920176960904E-011
   1.1200000000000008       0.53408514777401184       0.53408514775951665        2.7140209557625209E-011
   1.1300000000000008       0.52811036105285447       0.52811036103772790        2.8642813665290312E-011
   1.1400000000000008       0.52215019637375559       0.52215019635797943        3.0213831705245750E-011
   1.1500000000000008       0.51620567396194006       0.51620567394549588        3.1855867111747874E-011
   1.1600000000000008       0.51027779781263394       0.51027779779550331        3.3571184797126723E-011
   1.1700000000000008       0.50436755547655421       0.50436755545871836        3.5362789933393003E-011
   1.1800000000000008       0.49847591785602535       0.49847591783746559        3.7233022041726968E-011
   1.1900000000000008       0.49260383901172289       0.49260383899242027        3.9184865268957309E-011
   1.2000000000000008       0.48675225598003552       0.48675225595997118        4.1220844553691131E-011
   1.2100000000000009       0.48092208860103103       0.48092208858018592        4.3344034129712277E-011
   1.2200000000000009       0.47511423935700359       0.47511423933535857        4.5557504529171597E-011
   1.2300000000000009       0.46932959322157314       0.46932959319910911        4.7864083069081725E-011
   1.2400000000000009       0.46356901751930019       0.46356901749599805        5.0266814902381154E-011
   1.2500000000000009       0.45783336179577327       0.45783336177161377        5.2769216367785279E-011
   1.2600000000000009       0.45212345769811846       0.45212345767308237        5.5374442294282535E-011
   1.2700000000000009       0.44644011886587448       0.44644011883994278        5.8085508305474919E-011
   1.2800000000000009       0.44078414083217055       0.44078414080532402        6.0906286133653854E-011
   1.2900000000000009       0.43515630093513674       0.43515630090735635        6.3840024934267606E-011
   1.3000000000000009       0.42955735823947183       0.42955735821073865        6.6890211401910710E-011
   1.3100000000000009       0.42398805346808593       0.42398805343838097        7.0060843631138010E-011
   1.3200000000000010       0.41844910894373050       0.41844910891303488        7.3355665156092863E-011
   1.3300000000000010       0.41294122854052201       0.41294122850881709        7.6778278072323290E-011
   1.3400000000000010       0.40746509764525984       0.40746509761252714        8.0332537993598088E-011
   1.3500000000000010       0.40202138312843333       0.40202138309465435        8.4022843146821151E-011
   1.3600000000000010       0.39661073332480795       0.39661073328996449        8.7853047143750827E-011
   1.3700000000000010       0.39123377802347509       0.39123377798754905        9.1827551561501854E-011
   1.3800000000000010       0.38589112846724494       0.38589112843021844        9.5950619889560038E-011
   1.3900000000000010       0.38058337736125714       0.38058337732311259        1.0022650844081821E-010
   1.4000000000000010       0.37531109889067898       0.37531109885139902        1.0465975636533664E-010
   1.4100000000000010       0.37007484874735674       0.37007484870692414        1.0925520027214845E-010
   1.4200000000000010       0.36487516416528071       0.36487516412367860        1.1401738110955303E-010
   1.4300000000000010       0.35971256396472140       0.35971256392193329        1.1895082541693511E-010
   1.4400000000000011       0.35458754860488889       0.35458754856089841        1.2406097762191985E-010
   1.4500000000000011       0.34950060024496471       0.34950060019975593        1.2935251366452167E-010
   1.4600000000000011       0.34445218281335122       0.34445218276690848        1.3483072794241801E-010
   1.4700000000000011       0.33944274208498026       0.33944274203728830        1.4050075486924473E-010
   1.4800000000000011       0.33447270576651944       0.33447270571756343        1.4636771574763974E-010
   1.4900000000000011       0.32954248358931115       0.32954248353907661        1.5243721601986982E-010
   1.5000000000000011       0.32465246740987641       0.32465246735834913        1.5871520355324665E-010
   1.5100000000000011       0.31980303131781324       0.31980303126497961        1.6520677166125081E-010
   1.5200000000000011       0.31499453175091596       0.31499453169676278        1.7191784773844728E-010
   1.5300000000000011       0.31022730761734019       0.31022730756185463        1.7885453420143306E-010
   1.5400000000000011       0.30550168042463482       0.30550168036780456        1.8602275002070755E-010
   1.5500000000000012       0.30081795441546177       0.30081795435727504        1.9342839204453230E-010
   1.5600000000000012       0.29617641670982087       0.29617641665026623        2.0107826163761627E-010
   1.5700000000000012       0.29157733745359626       0.29157733739266289        2.0897841377557599E-010
   1.5800000000000012       0.28702096997323923       0.28702096991091680        2.1713544142028198E-010
   1.5900000000000012       0.28250755093640029       0.28250755087267909        2.2555572334393140E-010
   1.6000000000000012       0.27803730051832287       0.27803730045319358        2.3424659476689877E-010
   1.6100000000000012       0.27361042257380941       0.27361042250726342        2.4321438609725505E-010
   1.6200000000000012       0.26922710481456985       0.26922710474659906        2.5246639160846217E-010
   1.6300000000000012       0.26488751899176172       0.26488751892235868        2.6200947161964164E-010
   1.6400000000000012       0.26059182108353091       0.26059182101268863        2.7185149639062703E-010
   1.6500000000000012       0.25634015148736083       0.25634015141507305        2.8199947011215352E-010
   1.6600000000000013       0.25213263521703855       0.25213263514329959        2.9246098721451825E-010
   1.6700000000000013       0.24796938210404532       0.24796938202885008        3.0324404694310020E-010
   1.6800000000000013       0.24385048700318002       0.24385048692652411        3.1435616476687146E-010
   1.6900000000000013       0.23977603000222325       0.23977602992410291        3.2580547585225989E-010
   1.7000000000000013       0.23574607663545089       0.23574607655586299        3.3760006951220446E-010
   1.7100000000000013       0.23176067810080586       0.23176067801974795        3.4974833123724533E-010
   1.7200000000000013       0.22781987148053820       0.22781987139800852        3.6225846775337591E-010
   1.7300000000000013       0.22392367996512350       0.22392367988112091        3.7513934529927569E-010
   1.7400000000000013       0.22007211308027128       0.22007211299479537        3.8839952490690442E-010
   1.7500000000000013       0.21626516691683581       0.21626516682988678        4.0204824744906948E-010
   1.7600000000000013       0.21250282436344273       0.21250282427502157        4.1609404291436204E-010
   1.7700000000000014       0.20878505534164671       0.20878505525175503        4.3054651266400913E-010
   1.7800000000000014       0.20511181704343626       0.20511181695207639        4.4541492282568683E-010
   1.7900000000000014       0.20148305417090381       0.20148305407807887        4.6070843328216022E-010
   1.8000000000000014       0.19789869917790051       0.19789869908361418        4.7643733476334609E-010
   1.8100000000000014       0.19435867251349717       0.19435867241775395        4.9261099449580902E-010
   1.8200000000000014       0.19086288286707470       0.19086288276987970        5.0923993516294353E-010
   1.8300000000000014       0.18741122741486926       0.18741122731622836        5.2633400045145038E-010
   1.8400000000000014       0.18400359206779954       0.18400359196771934        5.4390348069698667E-010
   1.8500000000000014       0.18063985172040570       0.18063985161889351        5.6195898432696906E-010
   1.8600000000000014       0.17731987050073211       0.17731987039779590        5.8051145016256885E-010
   1.8700000000000014       0.17404350202098781       0.17404350191663628        5.9957152246360750E-010
   1.8800000000000014       0.17081058962882184       0.17081058952306441        6.1915031665196326E-010
   1.8900000000000015       0.16762096665905246       0.16762096655189926        6.3925894941129297E-010
   1.9000000000000015       0.16447445668569263       0.16447445657715443        6.5990919477260937E-010
   1.9100000000000015       0.16137087377411599       0.16137087366420430        6.8111232444924645E-010
   1.9200000000000015       0.15831002273321129       0.15831002262193830        7.0288026606633817E-010
   1.9300000000000015       0.15529169936737533       0.15529169925475389        7.2522511178692294E-010
   1.9400000000000015       0.15231569072819784       0.15231569061424152        7.4815874940866569E-010
   1.9500000000000015       0.14938177536569464       0.14938177525041760        7.7169412213850363E-010
   1.9600000000000015       0.14648972357894818       0.14648972346236536        7.9584303915848684E-010
   1.9700000000000015       0.14363929766601830       0.14363929754814517        8.2061893880736679E-010
   1.9800000000000015       0.14083025217298820       0.14083025205384098        8.4603427268242774E-010
   1.9900000000000015       0.13806233414201502       0.13806233402161053        8.7210239335403738E-010
   2.0000000000000013       0.13533528335825662       0.13533528323661234        8.9883639413688008E-010
   2.0100000000000011       0.13264883259554996       0.13264883247268400        9.2624989688837975E-010
   2.0200000000000009       0.13000270786071985       0.13000270773665085        9.5435708401551501E-010
   2.0300000000000007       0.12739662863639961       0.12739662851114689        9.8317142551042758E-010
   2.0400000000000005       0.12483030812224939       0.12483030799583278        1.0127076934939937E-009
   2.0500000000000003       0.12230345347446059       0.12230345334690050        1.0429802593636253E-009
   2.0600000000000001       0.11981576604343852       0.11981576591475605        1.0740027948501733E-009
   2.0699999999999998       0.11736694160955892       0.11736694147977556        1.1057914858686545E-009
   2.0799999999999996       0.11495667061689727       0.11495667048603513        1.1383605667678950E-009
   2.0899999999999994       0.11258463840483329       0.11258463827291502        1.1717252904095313E-009
   2.0999999999999992       0.11025052543743669       0.11025052530448541        1.2059015104197140E-009
   2.1099999999999990       0.10795400753054332       0.10795400739658269        1.2409046915689060E-009
   2.1199999999999988       0.10569475607643473       0.10569475594148885        1.2767510232220393E-009
   2.1299999999999986       0.10347243826603736       0.10347243813013077        1.3134569358978688E-009
   2.1399999999999983       0.10128671730856102       0.10128671717171880        1.3510381413635883E-009
   2.1499999999999981        9.9137252648500138E-002   9.9137252510747786E-002   1.3895114873954807E-009
   2.1599999999999979        9.7023700179924066E-002   9.7023700041287464E-002   1.4288941994509135E-009
   2.1699999999999977        9.4945712457986747E-002   9.4945712318492165E-002   1.4692036021991337E-009
   2.1799999999999975        9.2902938907589133E-002   9.2902938767263285E-002   1.5104565046659105E-009
   2.1899999999999973        9.0895026029131187E-002   9.0895025888001135E-002   1.5526707948041517E-009
   2.1999999999999971        8.8921617601293718E-002   8.8921617459386898E-002   1.5958641293638033E-009
   2.2099999999999969        8.6982354880793630E-002   8.6982354738137826E-002   1.6400545175616552E-009
   2.2199999999999966        8.5076876799059384E-002   8.5076876655682657E-002   1.6852608228407146E-009
   2.2299999999999964        8.3204820155776876E-002   8.3204820011707578E-002   1.7315018305159609E-009
   2.2399999999999962        8.1365819809259138E-002   8.1365819664525982E-002   1.7787955263320275E-009
   2.2499999999999960        7.9559508863596487E-002   7.9559508718228394E-002   1.8271617674038531E-009
   2.2599999999999958        7.7785518852546864E-002   7.7785518706573034E-002   1.8766196160016203E-009
   2.2699999999999956        7.6043479920129414E-002   7.6043479773579267E-002   1.9271888589798147E-009
   2.2799999999999954        7.4333020997887245E-002   7.4333020850790438E-002   1.9788891299400526E-009
   2.2899999999999952        7.2653769978788571E-002   7.2653769831174914E-002   2.0317411987233669E-009
   2.2999999999999949        7.1005353887738279E-002   7.1005353739637803E-002   2.0857649251368789E-009
   2.3099999999999947        6.9387399048675052E-002   6.9387398900117941E-002   2.1409811206635252E-009
   2.3199999999999945        6.7799531248232153E-002   6.7799531099248675E-002   2.1974116327416903E-009
   2.3299999999999943        6.6241375895942575E-002   6.6241375746563191E-002   2.2550767126881820E-009
   2.3399999999999941        6.4712558180972463E-002   6.4712558031227732E-002   2.3139980099700276E-009
   2.3499999999999939        6.3212703225369232E-002   6.3212703075289756E-002   2.3741980539147395E-009
   2.3599999999999937        6.1741436233813521E-002   6.1741436083430003E-002   2.4356984171054975E-009
   2.3699999999999934        6.0298382639867046E-002   6.0298382489210225E-002   2.4985217535376239E-009
   2.3799999999999932        5.8883168248710649E-002   5.8883168097811321E-002   2.5626903685754715E-009
   2.3899999999999930        5.7495419376369761E-002   5.7495419225258700E-002   2.6282278344997221E-009
   2.3999999999999928        5.6134762985426696E-002   5.6134762834134697E-002   2.6951570136410246E-009
   2.4099999999999926        5.4800826817221850E-002   5.4800826665779671E-002   2.7635017107656857E-009
   2.4199999999999924        5.3493239520548158E-002   5.3493239368986506E-002   2.8332861106437964E-009
   2.4299999999999922        5.2211630776845472E-002   5.2211630625195023E-002   2.9045338620319186E-009
   2.4399999999999920        5.0955631421903860E-002   5.0955631270195222E-002   2.9772693405095093E-009
   2.4499999999999917        4.9724873564086960E-002   4.9724873412350615E-002   3.0515179888367506E-009
   2.4599999999999915        4.8518990699088660E-002   4.8518990547355013E-002   3.1273042734183846E-009
   2.4699999999999913        4.7337617821238541E-002   4.7337617669537847E-002   3.2046541660071870E-009
   2.4799999999999911        4.6180391531373412E-002   4.6180391379735779E-002   3.2835935009481240E-009
   2.4899999999999909        4.5046950141294312E-002   4.5046949989749716E-002   3.3641477691777370E-009
   2.4999999999999907        4.3936933774830211E-002   4.3936933623408433E-002   3.4463437797467258E-009
   2.5099999999999905        4.2849984465531468E-002   4.2849984314262110E-002   3.5302080169102184E-009
   2.5199999999999902        4.1785746251017844E-002   4.1785746099930313E-002   3.6157672286980943E-009
   2.5299999999999900        4.0743865264007667E-002   4.0743865113131127E-002   3.7030492813816506E-009
   2.5399999999999898        3.9723989820056260E-002   3.9723989669419639E-002   3.7920818751051299E-009
   2.5499999999999896        3.8725770502033387E-002   3.8725770351665384E-002   3.8828924875085168E-009
   2.5599999999999894        3.7748860241370988E-002   3.7748860091300004E-002   3.9755103347476107E-009
   2.5699999999999892        3.6792914396113895E-002   3.6792914246368082E-002   4.0699633622134641E-009
   2.5799999999999890        3.5857590825807660E-002   3.5857590676414877E-002   4.1662805572961449E-009
   2.5899999999999888        3.4942549963258893E-002   3.4942549814246673E-002   4.2644918594268189E-009
   2.5999999999999885        3.4047454883204799E-002   3.4047454734600358E-002   4.3646270304429679E-009
   2.6099999999999883        3.3171971367929820E-002   3.3171971219760059E-002   4.4667155955580111E-009
   2.6199999999999881        3.2315767969868438E-002   3.2315767822159898E-002   4.5707884973265817E-009
   2.6299999999999879        3.1478516071234239E-002   3.1478515924013122E-002   4.6768760508565965E-009
   2.6399999999999877        3.0659889940716396E-002   3.0659889794008521E-002   4.7850098614411149E-009
   2.6499999999999875        2.9859566787285702E-002   2.9859566641116529E-002   4.8952208765657121E-009
   2.6599999999999873        2.9077226811153153E-002   2.9077226665547729E-002   5.0075416485333860E-009
   2.6699999999999871        2.8312553251924957E-002   2.8312553106907952E-002   5.1220038263925382E-009
   2.6799999999999868        2.7565232433998672E-002   2.7565232289594330E-002   5.2386405140030124E-009
   2.6899999999999866        2.6834953809245825E-002   2.6834953665477970E-002   5.3574847585652247E-009
   2.6999999999999864        2.6121409997027140E-002   2.6121409853919197E-002   5.4785688430879387E-009
   2.7099999999999862        2.5424296821587065E-002   2.5424296679161986E-002   5.6019279696325930E-009
   2.7199999999999860        2.4743313346874921E-002   2.4743313205155236E-002   5.7275953072131044E-009
   2.7299999999999858        2.4078161908840431E-002   2.4078161767848213E-002   5.8556055591015936E-009
   2.7399999999999856        2.3428548145251967E-002   2.3428548005008824E-002   5.9859938164827015E-009
   2.7499999999999853        2.2794181023086186E-002   2.2794180883613267E-002   6.1187949695174350E-009
   2.7599999999999851        2.2174772863538143E-002   2.2174772724856111E-002   6.2540452097260348E-009
   2.7699999999999849        2.1570039364701248E-002   2.1570039226830290E-002   6.3917805737931462E-009
   2.7799999999999847        2.0979699621966781E-002   2.0979699484926603E-002   6.5320372160308095E-009
   2.7899999999999845        2.0403476146192808E-002   2.0403476010002634E-002   6.6748515623038501E-009
   2.7999999999999843        1.9841094879692621E-002   1.9841094744371162E-002   6.8202617165509823E-009
   2.8099999999999841        1.9292285210092880E-002   1.9292285075658343E-002   6.9683055113679677E-009
   2.8199999999999839        1.8756779982111785E-002   1.8756779848581890E-002   7.1190202450555731E-009
   2.8299999999999836        1.8234315507307631E-002   1.8234315374699574E-002   7.2724450441431354E-009
   2.8399999999999834        1.7724631571848115E-002   1.7724631440178603E-002   7.4286177708893723E-009
   2.8499999999999832        1.7227471442350741E-002   1.7227471311635933E-002   7.5875794345791686E-009
   2.8599999999999830        1.6742581869844585E-002   1.6742581740100151E-002   7.7493684045024983E-009
   2.8699999999999828        1.6269713091903594E-002   1.6269712963144674E-002   7.9140253109731782E-009
   2.8799999999999826        1.5808618833001435E-002   1.5808618705242635E-002   8.0815915956415371E-009
   2.8899999999999824        1.5359056303137742E-002   1.5359056176393163E-002   8.2521072205631685E-009
   2.8999999999999821        1.4920786194785393E-002   1.4920786069068610E-002   8.4256138978444747E-009
   2.9099999999999819        1.4493572678208205E-002   1.4493572553532272E-002   8.6021532863425176E-009
   2.9199999999999817        1.4077183395198150E-002   1.4077183271575580E-002   8.7817689184524883E-009
   2.9299999999999815        1.3671389451280895E-002   1.3671389328723702E-002   8.9645017498597502E-009
   2.9399999999999813        1.3275965406438123E-002   1.3275965284957775E-002   9.1503966561117769E-009
   2.9499999999999811        1.2890689264394749E-002   1.2890689144002191E-002   9.3394974795056920E-009
   2.9599999999999809        1.2515342460518704E-002   1.2515342341224381E-002   9.5318465473492655E-009
   2.9699999999999807        1.2149709848380583E-002   1.2149709730194398E-002   9.7274904027847623E-009
   2.9799999999999804        1.1793579685020003E-002   1.1793579567951351E-002   9.9264732113957821E-009
   2.9899999999999802        1.1446743614965012E-002   1.1446743499022765E-002   1.0128841196836717E-008
   2.9999999999999800        1.1108996653050445E-002   1.1108996538242967E-002   1.0334639799867354E-008
   3.0099999999999798        1.0780137166080568E-002   1.0780137052415728E-002   1.0543914158099311E-008
   3.0199999999999796        1.0459966853380860E-002   1.0459966740865984E-002   1.0756714497847984E-008
   3.0299999999999794        1.0148290726283166E-002   1.0148290614925110E-002   1.0973085092063977E-008
   3.0399999999999792        9.8449170865879659E-003   9.8449169763930641E-003   1.1193075785073057E-008
   3.0499999999999790        9.5496575040468178E-003   9.5496573950209183E-003   1.1416734120375831E-008
   3.0599999999999787        9.2623267929075187E-003   9.2623266850559768E-003   1.1644109045234717E-008
   3.0699999999999785        8.9827429875638312E-003   8.9827428808915161E-003   1.1875249741951834E-008
   3.0799999999999783        8.7107273173510323E-003   8.7107272118623243E-003   1.2110206815206202E-008
   3.0899999999999781        8.4461041805278751E-003   8.4461040762266806E-003   1.2349030212755415E-008
   3.0999999999999779        8.1887011174848843E-003   8.1887010143746417E-003   1.2591770341275259E-008
   3.1099999999999777        7.9383487832182555E-003   7.9383486813019277E-003   1.2838479625832562E-008
   3.1199999999999775        7.6948809191079142E-003   7.6948808183880182E-003   1.3089208051731964E-008
   3.1299999999999772        7.4581343240376213E-003   7.4581342245162024E-003   1.3344010162293989E-008
   3.1399999999999770        7.2279488248942966E-003   7.2279487265729560E-003   1.3602938312358626E-008
   3.1499999999999768        7.0041672464830262E-003   7.0041671493629330E-003   1.3866044477028221E-008
   3.1599999999999766        6.7866353808934965E-003   6.7866352849753724E-003   1.4133384233882822E-008
   3.1699999999999764        6.5752019563528816E-003   6.5752018616370249E-003   1.4405011234429528E-008
   3.1799999999999762        6.3697186055994767E-003   6.3697185120857643E-003   1.4680980363763129E-008
   3.1899999999999760        6.1700398338106381E-003   6.1700397414985271E-003   1.4961347892025718E-008
   3.1999999999999758        5.9760229861178611E-003   5.9760228950064042E-003   1.5246169320550841E-008
   3.2099999999999755        5.7875282147410653E-003   5.7875281248289182E-003   1.5535500689196213E-008
   3.2199999999999753        5.6044184457734493E-003   5.6044183570588720E-003   1.5829399537812317E-008
   3.2299999999999751        5.4265593456474985E-003   5.4265592581283660E-003   1.6127923496829312E-008
   3.2399999999999749        5.2538192873120100E-003   5.2538192009858164E-003   1.6431131389739985E-008
   3.2499999999999747        5.0860693161492460E-003   5.0860692310131204E-003   1.6739081147537252E-008
   3.2599999999999745        4.9231831156605777E-003   4.9231830317112823E-003   1.7051833111045790E-008
   3.2699999999999743        4.7650369729482535E-003   4.7650368901822069E-003   1.7369445090964825E-008
   3.2799999999999740        4.6115097440201716E-003   4.6115096624334360E-003   1.7691979764441862E-008
   3.2899999999999738        4.4624828189438071E-003   4.4624827385321142E-003   1.8019496688456108E-008
   3.2999999999999736        4.3178400868747078E-003   4.3178400076334536E-003   1.8352058909838974E-008
   3.3099999999999734        4.1774679009842358E-003   4.1774678229085059E-003   1.8689726221439502E-008
   3.3199999999999732        4.0412550433105189E-003   4.0412549663950779E-003   1.9032563317522743E-008
   3.3299999999999730        3.9090926895558346E-003   3.9090926137951469E-003   1.9380632576101014E-008
   3.3399999999999728        3.7808743738529465E-003   3.7808742992411770E-003   1.9733998950646821E-008
   3.3499999999999726        3.6564959535221992E-003   3.6564958800532339E-003   2.0092724755213786E-008
   3.3599999999999723        3.5358555738404665E-003   3.5358555015079052E-003   2.0456877084097563E-008
   3.3699999999999721        3.4188536328423509E-003   3.4188535616395243E-003   2.0826521328608677E-008
   3.3799999999999719        3.3053927461733448E-003   3.3053926760933275E-003   2.1201722208962589E-008
   3.3899999999999717        3.1953777120139726E-003   3.1953776430495807E-003   2.1582548176384636E-008
   3.3999999999999715        3.0887154760932596E-003   3.0887154082370680E-003   2.1969065652616331E-008
   3.4099999999999713        2.9853150968092014E-003   2.9853150300535483E-003   2.2361342912433179E-008
   3.4199999999999711        2.8850877104732490E-003   2.8850876448102453E-003   2.2759448503525478E-008
   3.4299999999999708        2.7879464966951702E-003   2.7879464321167052E-003   2.3163452578371936E-008
   3.4399999999999706        2.6938066439240078E-003   2.6938065804217631E-003   2.3573424000375879E-008
   3.4499999999999704        2.6025853151602149E-003   2.6025852527256687E-003   2.3989433653664828E-008
   3.4599999999999702        2.5142016138534275E-003   2.5142015524778627E-003   2.4411553133531128E-008
   3.4699999999999700        2.4285765499997215E-003   2.4285764896742391E-003   2.4839852775110353E-008
   3.4799999999999698        2.3456330064515868E-003   2.3456329471671059E-003   2.5274406655056840E-008
   3.4899999999999696        2.2652957054532640E-003   2.2652956472005350E-003   2.5715287583482683E-008
   3.4999999999999694        2.1874911754135046E-003   2.1874911181831201E-003   2.6162567709756069E-008
   3.5099999999999691        2.1121477179272337E-003   2.1121476617096289E-003   2.6616323190491399E-008
   3.5199999999999689        2.0391953750570364E-003   2.0391953198425033E-003   2.7076627969492092E-008
   3.5299999999999687        1.9685658968848362E-003   1.9685658426635295E-003   2.7543557610768277E-008
   3.5399999999999685        1.9001927093435867E-003   1.9001926561055288E-003   2.8017189557771893E-008
   3.5499999999999683        1.8340108823382711E-003   1.8340108300733651E-003   2.8497599407685609E-008
   3.5599999999999681        1.7699570981649809E-003   1.7699570468630145E-003   2.8984865172411364E-008
   3.5699999999999679        1.7079696202363364E-003   1.7079695698869906E-003   2.9479064893239434E-008
   3.5799999999999677        1.6479882621210152E-003   1.6479882127138693E-003   2.9980278698636987E-008
   3.5899999999999674        1.5899543569046657E-003   1.5899543084292086E-003   3.0488585048206252E-008
   3.5999999999999672        1.5338107268790093E-003   1.5338106793246443E-003   3.1004064322118998E-008
   3.6099999999999670        1.4795016535654691E-003   1.4795016069215213E-003   3.1526797673310811E-008
   3.6199999999999668        1.4269728480792105E-003   1.4269728023349325E-003   3.2056867422683954E-008
   3.6299999999999666        1.3761714218390383E-003   1.3761713769836197E-003   3.2594355173902288E-008
   3.6399999999999664        1.3270458576281642E-003   1.3270458136507366E-003   3.3139343909561234E-008
   3.6499999999999662        1.2795459810104380E-003   1.2795459379000818E-003   3.3691917528509316E-008
   3.6599999999999659        1.2336229321062314E-003   1.2336228898519811E-003   3.4252161318135149E-008
   3.6699999999999657        1.1892291377317643E-003   1.1892290963226174E-003   3.4820159608248289E-008
   3.6799999999999655        1.1463182839052796E-003   1.1463182433302012E-003   3.5395998178912371E-008
   3.6899999999999653        1.1048452887230948E-003   1.1048452489710238E-003   3.5979763708627303E-008
   3.6999999999999651        1.0647662756082036E-003   1.0647662366680577E-003   3.6571544505923288E-008
   3.7099999999999649        1.0260385469337376E-003   1.0260385087944213E-003   3.7171427807997199E-008
   3.7199999999999647        9.8862055802326795E-004   9.8862052067367708E-004   3.7779501929175087E-008
   3.7299999999999645        9.5247189152958690E-004   9.5247185495861387E-004   3.8395856884396612E-008
   3.7399999999999642        9.1755323219329615E-004   9.1755319638983505E-004   3.9020583491185617E-008
   3.7499999999999640        8.8382634198221608E-004   8.8382630693516922E-004   3.9653771998923751E-008
   3.7599999999999638        8.5125403561233260E-004   8.5125400131061499E-004   4.0295514094502953E-008
   3.7699999999999636        8.1980015645070935E-004   8.1980012288325303E-004   4.0945903014956915E-008
   3.7799999999999634        7.8942955280051610E-004   7.8942951995627630E-004   4.1605031197707424E-008
   3.7899999999999632        7.6010805456805408E-004   7.6010802243601323E-004   4.2272992646750017E-008
   3.7999999999999630        7.3180245031140311E-004   7.3180241888057545E-004   4.2949882176102358E-008
   3.8099999999999627        7.0448046467006572E-004   7.0448043392950176E-004   4.3635795228172305E-008
   3.8199999999999625        6.7811073617474551E-004   6.7811070611353570E-004   4.4330829087047416E-008
   3.8299999999999623        6.5266279543616836E-004   6.5266276604344865E-004   4.5035079726767995E-008
   3.8399999999999621        6.2810704371163396E-004   6.2810701497658902E-004   4.5748645146918974E-008
   3.8499999999999619        6.0441473184777732E-004   6.0441470375964404E-004   4.6471624694997124E-008
   3.8599999999999617        5.8155793959781558E-004   5.8155791214588792E-004   4.7204116896175100E-008
   3.8699999999999615        5.5950955531136582E-004   5.5950952848499776E-004   4.7946221990204000E-008
   3.8799999999999613        5.3824325599473408E-004   5.3824322978334317E-004   4.8698041077446797E-008
   3.8899999999999610        5.1773348773940077E-004   5.1773346213247122E-004   4.9459676507555665E-008
   3.8999999999999608        4.9795544651626310E-004   4.9795542150334960E-004   5.0231230400917524E-008
   3.9099999999999606        4.7888505933303292E-004   4.7888503490376355E-004   5.1012805977962578E-008
   3.9199999999999604        4.6049896575204213E-004   4.6049894189612131E-004   5.1804507348643603E-008
   3.9299999999999602        4.4277449976556200E-004   4.4277447647277286E-004   5.2606440470579923E-008
   3.9399999999999600        4.2568967202560984E-004   4.2568964928581824E-004   5.3418709244378190E-008
   3.9499999999999598        4.0922315242508862E-004   4.0922313022824356E-004   5.4241423362514572E-008
   3.9599999999999596        3.9335425302698505E-004   3.9335423136312376E-004   5.5074687317449716E-008
   3.9699999999999593        3.7806291133823949E-004   3.7806289019748764E-004   5.5918611435860852E-008
   3.9799999999999591        3.6332967392479451E-004   3.6332965329737005E-004   5.6773302915113590E-008
   3.9899999999999589        3.4913568036423119E-004   3.4913566024044466E-004   5.7638874587786798E-008
   3.9999999999999587        3.3546264753230872E-004   3.3546262790256726E-004   5.8515434597515349E-008
