   1.0000000000000000E-002  0.99856949041666665       0.99856948636875942        4.0537061134825568E-009
   2.0000000000000000E-002  0.99435705880885028       0.99435705086720638        7.9867125104922484E-009
   2.9999999999999999E-002  0.98748375794193333       0.98748374628551172        1.1804165536463530E-008
   4.0000000000000001E-002  0.97807345643522403       0.97807344126550622        1.5509794229363289E-008
   5.0000000000000003E-002  0.96625237630639793       0.96625235784512298        1.9106059409125481E-008
   6.0000000000000005E-002  0.95214864196053473       0.95214862044744630        2.2594254678107633E-008
   7.0000000000000007E-002  0.93589184145680915       0.93589181714742276        2.5974568798823062E-008
   8.0000000000000002E-002  0.91761260081833862       0.91761257398173723        2.9246113388717186E-008
   8.9999999999999997E-002  0.89744217208360177       0.89744214300026925        3.2406916420063445E-008
   9.9999999999999992E-002  0.87551203573140413       0.87551200469110391        3.5453883045276558E-008
  0.10999999999999999       0.85195351804573582       0.85195348534543969        3.8382724761430638E-008
  0.11999999999999998       0.82689742392219867       0.82689738986407491        4.1187847710181214E-008
  0.12999999999999998       0.80047368555412357       0.80047365044358987        4.3862197941413401E-008
  0.13999999999999999       0.77281102737418861       0.77281099151803401        4.6397055676663112E-008
  0.14999999999999999       0.74403664756641219       0.74403661127099430        4.8781763348183534E-008
  0.16000000000000000       0.71427591640395638       0.71427587997347819        5.1003371681875855E-008
  0.17000000000000001       0.68365209161033869       0.68365205534520834        5.3046180523583002E-008
  0.18000000000000002       0.65228605088552072       0.65228601508079820        5.4891139304508708E-008
  0.19000000000000003       0.62029604168401120       0.62029600662794449        5.6515061102420798E-008
  0.20000000000000004       0.58779744827967262       0.58779741425232690        5.7889580481010571E-008
  0.21000000000000005       0.55490257610143101       0.55490254337341138        5.8979761434796745E-008
  0.22000000000000006       0.52172045327562133       0.52172042210689118        5.9742208339360210E-008
  0.23000000000000007       0.48835664926431943       0.48835661990311657        6.0122463096184786E-008
  0.24000000000000007       0.45491311044476151       0.45491308312661088        6.0051362872989321E-008
  0.25000000000000006       0.42148801243287798       0.42148798737970267        5.9439832361167187E-008
  0.26000000000000006       0.38817562891410368       0.38817560633343295        5.8171277003796426E-008
  0.27000000000000007       0.35506621670699839       0.35506619679127355        5.6090174246466587E-008
  0.28000000000000008       0.32224591674983832       0.32224589967581441        5.2984456696288770E-008
  0.29000000000000009       0.28979667066723380       0.28979665659547582        4.8557351028082456E-008
  0.30000000000000010       0.25779615254299620       0.25779614161746883        4.2380492210425283E-008
  0.31000000000000011       0.22631771549691543       0.22631770784466448        3.3811985005011865E-008
  0.32000000000000012       0.19543035263681130       0.19543034836773379        2.1844496230108441E-008
  0.33000000000000013       0.16519867193317406       0.16519867113987532        4.8020890651619708E-009
  0.34000000000000014       0.13568288454188945       0.13568288729962441        2.0324854607270641E-008
  0.35000000000000014       0.10693880608092952       0.10693881244762481        5.9535870432521912E-008
  0.36000000000000015        7.9017870349448349E-002   7.9017880365802512E-002   1.2676060299753563E-007
  0.37000000000000016        5.1967154962418535E-002   5.1967168652076907E-002   2.6342898270688048E-007
  0.38000000000000017        2.5829418360737710E-002   2.5829435730538586E-002   6.7248084923799678E-007
  0.39000000000000018        6.4314764558098814E-004   6.4316868586889342E-004   3.2713483052836599E-005
  0.40000000000000019       -2.3557383323374301E-002  -2.3557358638371145E-002   1.0478680371207081E-006
  0.41000000000000020       -4.6742046133423462E-002  -4.6742017845156171E-002   6.0519995916377816E-007
  0.42000000000000021       -6.8884780900883513E-002  -6.8884749065988959E-002   4.6214720944009898E-007
  0.43000000000000022       -8.9963510806057995E-002  -8.9963475495814460E-002   3.9249532479756541E-007
  0.44000000000000022      -0.10996004865915172      -0.10996000995888554        3.5194855111964331E-007
  0.45000000000000023      -0.12885999607515344      -0.12885995408360307        3.2586966737952010E-007
  0.46000000000000024      -0.14665263583404564      -0.14665259066268505        3.0801611067581169E-007
  0.47000000000000025      -0.16333081799946961      -0.16333076977179728        2.9527609767167670E-007
  0.48000000000000026      -0.17889084036423955      -0.17889078921503535        2.8592419112185047E-007
  0.49000000000000027      -0.19333232378493670      -0.19333226985949239        2.7892624621628114E-007
  0.50000000000000022      -0.20665808296029425      -0.20665802641361963        2.7362438131166683E-007
  0.51000000000000023      -0.21887399319928247      -0.21887393419529422        2.6957978558664080E-007
  0.52000000000000024      -0.22998885371479580      -0.22998879242548900        2.6648823253525409E-007
  0.53000000000000025      -0.24001424796770515      -0.24001418457231444        2.6413185048927568E-007
  0.54000000000000026      -0.24896440157384520      -0.24896433625799869        2.6235021244755627E-007
  0.55000000000000027      -0.25685603827333503      -0.25685597122820347        2.6102228123042261E-007
  0.56000000000000028      -0.26370823444755570      -0.26370816586900131        2.6005472437612603E-007
  0.57000000000000028      -0.26954227265420594      -0.26954220274193424        2.5937412020408924E-007
  0.58000000000000029      -0.27438149463520273      -0.27438142359192058        2.5892161800166986E-007
  0.59000000000000030      -0.27825115423585978      -0.27825108226644291        2.5864918937340338E-007
  0.60000000000000031      -0.28117827065683809      -0.28117819796751059        2.5851694059862754E-007
  0.61000000000000032      -0.28319148244289011      -0.28319140924041897        2.5849114327525982E-007
  0.62000000000000033      -0.28432090259448239      -0.28432082908539058        2.5854275977616391E-007
  0.63000000000000034      -0.28459797517005297      -0.28459790155985237        2.5864632240133374E-007
  0.64000000000000035      -0.28405533372800174      -0.28405526022044852        2.5877905994051211E-007
  0.65000000000000036      -0.28272666193859630      -0.28272658873497203        2.5892019778179936E-007
  0.66000000000000036      -0.28064655667686200      -0.28064648397528069        2.5905039065829936E-007
  0.67000000000000037      -0.27785039388827509      -0.27785032188302000        2.5915123870931723E-007
  0.68000000000000038      -0.27437419749975733      -0.27437412638064762        2.5920486982728101E-007
  0.69000000000000039      -0.27025451162912850      -0.27025444158091810        2.5919355844453445E-007
  0.70000000000000040      -0.26552827632687387      -0.26552820752868350        2.5909936653128682E-007
  0.71000000000000041      -0.26023270706487350      -0.26023263968965776        2.5890378632057777E-007
  0.72000000000000042      -0.25440517816767655      -0.25440511238172553        2.5858737823364171E-007
  0.73000000000000043      -0.24808311036302744      -0.24808304632550573        2.5812937502391482E-007
  0.74000000000000044      -0.24130386260971706      -0.24130380047223909        2.5750724956244487E-007
  0.75000000000000044      -0.23410462834247597      -0.23410456824871925        2.5669621558574260E-007
  0.76000000000000045      -0.22652233625559509      -0.22652227834095129        2.5566864428107853E-007
  0.77000000000000046      -0.21859355572928879      -0.21859350012055292        2.5439336410006335E-007
  0.78000000000000047      -0.21035440698554161      -0.21035435380063952        2.5283480532996325E-007
  0.79000000000000048      -0.20184047604333702      -0.20184042539109051        2.5095194092113960E-007
  0.80000000000000049      -0.19308673452678560      -0.19308668650671640        2.4869694574786215E-007
  0.81000000000000050      -0.18412746436377969      -0.18412741906595020        2.4601349281468363E-007
  0.82000000000000051      -0.17499618739742642      -0.17499614490231774        2.4283454190175844E-007
  0.83000000000000052      -0.16572559991767602      -0.16572556029610264        2.3907943537821473E-007
  0.84000000000000052      -0.15634751210628853      -0.15634747541934860        2.3465003084967704E-007
  0.85000000000000053      -0.14689279237458605      -0.14689275867364707        2.2942546173286657E-007
  0.86000000000000054      -0.13739131656033826      -0.13739128588705626        2.2325493061400771E-007
  0.87000000000000055      -0.12787192193763836      -0.12787189432401028        2.1594759524404791E-007
  0.88000000000000056      -0.11836236598175690      -0.11836234145020565        2.0725807675093968E-007
  0.89000000000000057      -0.10888928981972196      -0.10888926838321118        1.9686522917351395E-007
  0.90000000000000058       -9.9478186286771728E-002  -9.9478167948950813E-002   1.8434015515794748E-007
  0.91000000000000059       -9.0153372498866999E-002  -9.0153357254244240E-002   1.6909656193501989E-007
  0.92000000000000060       -8.0937966842137374E-002  -8.0937954676279733E-002   1.5031091024480805E-007
  0.93000000000000060       -7.1853870271468542E-002  -7.1853861161227411E-002   1.2678847014895444E-007
  0.94000000000000061       -6.2921751802417783E-002  -6.2921745716178021E-002   9.6727128163673411E-008
  0.95000000000000062       -5.4161038073267984E-002  -5.4161034971219643E-002   5.7274539566465245E-008
  0.96000000000000063       -4.5589906847293360E-002  -4.5589906681724822E-002   3.6316928482058043E-009
  0.97000000000000064       -3.7225284319206006E-002  -3.7225287034815577E-002   7.2950668399342447E-008
  0.98000000000000065       -2.9082846084274534E-002  -2.9082851618500383E-002   1.9029171970551569E-007
  0.99000000000000066       -2.1177021623745101E-002  -2.1177029907111133E-002   3.9114862035043556E-007
   1.0000000000000007       -1.3521002155940733E-002  -1.3521013112416873E-002   8.1032952549162941E-007
   1.0100000000000007       -6.1267516987554144E-003  -6.1267652461313247E-003   2.2111792056785165E-006
   1.0200000000000007        9.9497881381813060E-004   9.9496276354887133E-004   1.6131527578004740E-005
   1.0300000000000007        7.8346345209975923E-003   7.8346160612431919E-003   2.3561785614145850E-006
   1.0400000000000007        1.4383836892184618E-002   1.4383816121352333E-002   1.4440418390917958E-006
   1.0500000000000007        2.0635361414850371E-002   2.0635338435937966E-002   1.1135709005288576E-006
   1.0600000000000007        2.6583112877481253E-002   2.6583087797663031E-002   9.4345015195715683E-007
   1.0700000000000007        3.2222098412131646E-002   3.2222071342341091E-002   8.4010088201172615E-007
   1.0800000000000007        3.7548398461045886E-002   3.7548369515556471E-002   7.7088538832756018E-007
   1.0900000000000007        4.2559135831263001E-002   4.2559105127268043E-002   7.2144362213022045E-007
   1.1000000000000008        4.7252443000124773E-002   4.7252410657318715E-002   6.8446891086476839E-007
   1.1100000000000008        5.1627427833190423E-002   5.1627393973352156E-002   6.5585023106170543E-007
   1.1200000000000008        5.5684137874240765E-002   5.5684102620820124E-002   6.3309668256831565E-007
   1.1300000000000008        5.9423523364851578E-002   5.9423486842561261E-002   6.1461035455214783E-007
   1.1400000000000008        6.2847399148451832E-002   6.2847361482864905E-002   5.9931850818371989E-007
   1.1500000000000008        6.5958405610878318E-002   6.5958366928033113E-002   5.8647366522906523E-007
   1.1600000000000008        6.8759968806216279E-002   6.8759929232229511E-002   5.7553850345700037E-007
   1.1700000000000008        7.1256259913196895E-002   7.1256219573885782E-002   5.6611635243801788E-007
   1.1800000000000008        7.3452154163628991E-002   7.3452113184144241E-002   5.5790749882551363E-007
   1.1900000000000008        7.5353189380295379E-002   7.5353147884765007E-002   5.5068078159617771E-007
   1.2000000000000008        7.6965524257465570E-002   7.6965482368650626E-002   5.4425456263433678E-007
   1.2100000000000009        7.8295896512687035E-002   7.8295854351650554E-002   5.3848363787067761E-007
   1.2200000000000009        7.9351581033838173E-002   7.9351538719627426E-002   5.3325003433035815E-007
   1.2300000000000009        8.0140348140578146E-002   8.0140305789921068E-002   5.2845639483194729E-007
   1.2400000000000009        8.0670422074332268E-002   8.0670379801348793E-002   5.2402112868327730E-007
   1.2500000000000009        8.0950439825826614E-002   8.0950397741755192E-002   5.1987479488857772E-007
   1.2600000000000009        8.0989410403951884E-002   8.0989368616891932E-002   5.1595734927676631E-007
   1.2700000000000009        8.0796674644412661E-002   8.0796633259083053E-002   5.1221601616775786E-007
   1.2800000000000009        8.0381865651223947E-002   8.0381824768737939E-002   5.0860360691317473E-007
   1.2900000000000009        7.9754869958668928E-002   7.9754829676325995E-002   5.0507716080640955E-007
   1.3000000000000009        7.8925789495849122E-002   7.8925749906943649E-002   5.0159682384980212E-007
   1.3100000000000009        7.7904904430456598E-002   7.7904865624103717E-002   4.9812489335850800E-007
   1.3200000000000010        7.6702636962894269E-002   7.6702599023872803E-002   4.9462497945194044E-007
   1.3300000000000010        7.5329516136380725E-002   7.5329479144993342E-002   4.9106123928691086E-007
   1.3400000000000010        7.3796143723214552E-002   7.3796107755165208E-002   4.8739764790579726E-007
   1.3500000000000010        7.2113161241955465E-002   7.2113126368243810E-002   4.8359727848266806E-007
   1.3600000000000010        7.0291218154917914E-002   7.0291184441750726E-002   4.7962155505309010E-007
   1.3700000000000010        6.8340941290081919E-002   6.8340908798801198E-002   4.7542945056708695E-007
   1.3800000000000010        6.6272905526316150E-002   6.6272874313343860E-002   4.7097658904248443E-007
   1.3900000000000010        6.4097605775693206E-002   6.4097575892492195E-002   4.6621421473192856E-007
   1.4000000000000010        6.1825430291665720E-002   6.1825401784716516E-002   4.6108797324506713E-007
   1.4100000000000010        5.9466635326975839E-002   5.9466608237769121E-002   4.5553643499818841E-007
   1.4200000000000010        5.7031321160398551E-002   5.7031295525442602E-002   4.4948927976242792E-007
   1.4300000000000010        5.4529409506779952E-002   5.4529385357622938E-002   4.4286501408361974E-007
   1.4400000000000011        5.1970622320333157E-002   5.1970599683599621E-002   4.3556806490719684E-007
   1.4500000000000011        4.9364461996804200E-002   4.9364440894245194E-002   4.2748502005704408E-007
   1.4600000000000011        4.6720192975924370E-002   4.6720173424480857E-002   4.1847968617650398E-007
   1.4700000000000011        4.4046824741530349E-002   4.4046806753409176E-002   4.0838649834154308E-007
   1.4800000000000011        4.1353096212863726E-002   4.1353079795625643E-002   3.9700158159959264E-007
   1.4900000000000011        3.8647461516862235E-002   3.8647446673521484E-002   3.8407041159433743E-007
   1.5000000000000011        3.5938077127729437E-002   3.5938063856863878E-002   3.6927046521206604E-007
   1.5100000000000011        3.3232790356721512E-002   3.3232778652593137E-002   3.5218627058435220E-007
   1.5200000000000011        3.0539129171921316E-002   3.0539119024606307E-002   3.3227268281427081E-007
   1.5300000000000011        2.7864293324783185E-002   2.7864284720310654E-002   3.0879933279047727E-007
   1.5400000000000011        2.5215146757428298E-002   2.5215139677927351E-002   2.8076389969293059E-007
   1.5500000000000012        2.2598211262050784E-002   2.2598205685905030E-002   2.4675170369610104E-007
   1.5600000000000012        2.0019661361359027E-002   2.0019657263367959E-002   2.0469836291915017E-007
   1.5700000000000012        1.7485320376724935E-002   1.7485317728271534E-002   1.5146727341137828E-007
   1.5800000000000012        1.5000657648645083E-002   1.5000656417868703E-002   8.2048168148943182E-008
   1.5900000000000012        1.2570786872230648E-002   1.2570787024204800E-002   1.2089469952853606E-008
   1.6000000000000012        1.0200465508735861E-002   1.0200467005650277E-002   1.4674959631843796E-007
   1.6100000000000012        7.8940952326054352E-003   7.8940980339511687E-003   3.5486584046206129E-007
   1.6200000000000012        5.6557233721671336E-003   5.6557274349249365E-003   7.1834398840290316E-007
   1.6300000000000012        3.4890453009135316E-003   3.4890505797441820E-003   1.5129705143931469E-006
   1.6400000000000012        1.3974077353036589E-003   1.3974141827395718E-003   4.6138331730759523E-006
   1.6500000000000012       -6.1618710583326297E-004  -6.1617953919507001E-004   1.2279924456515522E-005
   1.6600000000000013       -2.5490765258972229E-003  -2.5490678912020947E-003   3.3873931557412125E-006
   1.6700000000000013       -4.3989316052561282E-003  -4.3989219551992332E-003   2.1937322356126958E-006
   1.6800000000000013       -6.1637507326389798E-003  -6.1637401212731304E-003   1.7215790478829309E-006
   1.6900000000000013       -7.8418524599305674E-003  -7.8418409424760097E-003   1.4687182056189853E-006
   1.7000000000000013       -9.4318677272047392E-003  -9.4318553598603787E-003   1.3112313419315941E-006
   1.7100000000000013       -1.0932731504786592E-002  -1.0932718344543900E-002   1.2037484436835576E-006
   1.7200000000000013       -1.2343673898956124E-002  -1.2343660003416121E-002   1.1257228406741393E-006
   1.7300000000000013       -1.3664210767602568E-002  -1.3664196194795777E-002   1.0664957223537540E-006
   1.7400000000000013       -1.4894133891715526E-002  -1.4894118699926217E-002   1.0199857819883339E-006
   1.7500000000000013       -1.6033500748062236E-002  -1.6033484995656516E-002   9.8246923387969031E-007
   1.7600000000000013       -1.7082623927755478E-002  -1.7082607673014165E-002   9.5153747159124667E-007
   1.7700000000000014       -1.8042060244670276E-002  -1.8042043545626912E-002   9.2556274576916864E-007
   1.7800000000000014       -1.8912599576825274E-002  -1.8912582491109151E-002   9.0340471118594315E-007
   1.7900000000000014       -1.9695253482913084E-002  -1.9695236067598064E-002   8.8423997357404142E-007
   1.8000000000000014       -2.0391243635148871E-002  -2.0391225946608239E-002   8.6745841954458712E-007
   1.8100000000000014       -2.1001990108514178E-002  -2.1001972202281394E-002   8.5259768045855394E-007
   1.8200000000000014       -2.1529099565309691E-002  -2.1529081495945727E-002   8.3930027237005693E-007
   1.8300000000000014       -2.1974353372702402E-002  -2.1974335193669710E-002   8.2728476343714767E-007
   1.8400000000000014       -2.2339695689665335E-002  -2.2339677453208428E-002   8.1632588229036480E-007
   1.8500000000000014       -2.2627221558367834E-002  -2.2627203315401037E-002   8.0624045944312552E-007
   1.8600000000000014       -2.2839165033687124E-002  -2.2839146833689157E-002   7.9687731330632440E-007
   1.8700000000000014       -2.2977887383083227E-002  -2.2977869273999099E-002   7.8810980740382785E-007
   1.8800000000000014       -2.3045865387615144E-002  -2.3045847415765312E-002   7.7983028816481726E-007
   1.8900000000000015       -2.3045679773381934E-002  -2.3045661983378627E-002   7.7194585775489713E-007
   1.9000000000000015       -2.2980003801153403E-002  -2.2979986235824434E-002   7.6437508660225290E-007
   1.9100000000000015       -2.2851592040416886E-002  -2.2851574740736683E-002   7.5704542897056937E-007
   1.9200000000000015       -2.2663269352514080E-002  -2.2663252357542098E-002   7.4989113273220263E-007
   1.9300000000000015       -2.2417920105980208E-002  -2.2417903452806618E-002   7.4285151710005080E-007
   1.9400000000000015       -2.2118477645631580E-002  -2.2118461369330190E-002   7.3586951272183773E-007
   1.9500000000000015       -2.1767914035381614E-002  -2.1767898168969919E-002   7.2889038582150240E-007
   1.9600000000000015       -2.1369230093203993E-002  -2.1369214667610326E-002   7.2186057873108754E-007
   1.9700000000000015       -2.0925445735109141E-002  -2.0925430779146749E-002   7.1472661901199707E-007
   1.9800000000000015       -2.0439590643460605E-002  -2.0439576183808518E-002   7.0743404641873533E-007
   1.9900000000000015       -1.9914695273435170E-002  -1.9914681334625765E-002   6.9992630919361913E-007
   2.0000000000000013       -1.9353782209928262E-002  -1.9353768814341327E-002   6.9214358522807149E-007
   2.0100000000000011       -1.8759857885727826E-002  -1.8759845053590945E-002   6.8402147481499986E-007
   2.0200000000000009       -1.8135904670328763E-002  -1.8135892419723822E-002   6.7548950207033853E-007
   2.0300000000000007       -1.7484873337339113E-002  -1.7484861684214769E-002   6.6646934670764549E-007
   2.0400000000000005       -1.6809675917041390E-002  -1.6809664875231247E-002   6.5687271133958675E-007
   2.0500000000000003       -1.6113178939320547E-002  -1.6113168520566830E-002   6.4659869373969471E-007
   2.0600000000000001       -1.5398197070856174E-002  -1.5398187284838665E-002   6.3553048988616243E-007
   2.0699999999999998       -1.4667487149203238E-002  -1.4667478003573228E-002   6.2353118975370887E-007
   2.0799999999999996       -1.3923742615154737E-002  -1.3923734115573747E-002   6.1043832924896027E-007
   2.0899999999999994       -1.3169588343593086E-002  -1.3169580493776117E-002   5.9605672117091698E-007
   2.0999999999999992       -1.2407575871896401E-002  -1.2407568673659417E-002   5.8014887309760435E-007
   2.1099999999999990       -1.1640179023872578E-002  -1.1640172477183987E-002   5.6242195752460597E-007
   2.1199999999999988       -1.0869789926149415E-002  -1.0869784029185264E-002   5.4250978083169953E-007
   2.1299999999999986       -1.0098715412954110E-002  -1.0098710162156722E-002   5.1994733018925569E-007
   2.1399999999999983       -9.3291738142710530E-003  -9.3291692044108459E-003   4.9413405482270439E-007
   2.1499999999999981       -8.5632921214737687E-003  -8.5632881457139397E-003   4.6427958061700917E-007
   2.1599999999999979       -7.8031035236855043E-003  -7.8031001736493730E-003   4.2932117450257631E-007
   2.1699999999999977       -7.0505453073338763E-003  -7.0505425731745503E-003   3.8779417295224651E-007
   2.1799999999999975       -6.3074571106281480E-003  -6.3074549811002675E-003   3.3762078156790071E-007
   2.1899999999999973       -5.5755795240033396E-003  -5.5755779865366267E-003   2.7575019427263935E-007
   2.1999999999999971       -4.8565530269432805E-003  -4.8565520677176189E-003   1.9751166016538195E-007
   2.2099999999999969       -4.1519172510146099E-003  -4.1519168550364074E-003   9.5372382518742880E-008
   2.2199999999999966       -3.4631105584153532E-003  -3.4631107095949073E-003   4.3654265426617888E-008
   2.2299999999999964       -2.7914699248643513E-003  -2.7914706060939783E-003   2.4403969200858124E-007
   2.2399999999999962       -2.1382311152310183E-003  -2.1382323084636955E-003   5.5804632286171753E-007
   2.2499999999999960       -1.5045291399277615E-003  -1.5045308262560354E-003   1.1208333152255269E-006
   2.2599999999999958       -8.9139897975909737E-004  -8.9140113949402690E-004   2.4228541268759917E-006
   2.2699999999999956       -2.9977656664105349E-004  -2.9977917939095632E-004   8.7155816095432722E-006
   2.2799999999999954        2.6949999262924267E-004   2.6949694788045553E-004   1.1297897104514463E-005
   2.2899999999999952        8.1568896256196987E-004   8.1568550737708969E-004   4.2359277551574553E-006
   2.2999999999999949        1.3381433082729345E-003   1.3381394646845815E-003   2.8723376407405111E-006
   2.3099999999999947        1.8363088211444561E-003   1.8363046115792302E-003   2.2924111824195193E-006
   2.3199999999999945        2.3097220541605681E-003   2.3097175013644185E-003   1.9711484832845606E-006
   2.3299999999999943        2.7580080802472547E-003   2.7580032072122319E-003   1.7668706874839551E-006
   2.3399999999999941        3.1808780869287639E-003   3.1808729168213349E-003   1.6253737776319848E-006
   2.3499999999999939        3.5781268205543120E-003   3.5781213766453864E-003   1.5214433364893888E-006
   2.3599999999999937        3.9496298932573150E-003   3.9496241988541334E-003   1.4417582268408138E-006
   2.3699999999999934        4.2953409656833188E-003   4.2953350440633406E-003   1.3786165496926546E-006
   2.3799999999999932        4.6152888183647071E-003   4.6152826927116242E-003   1.3272541447009840E-006
   2.3899999999999930        4.9095743244318016E-003   4.9095680177737976E-003   1.2845647480913940E-006
   2.3999999999999928        5.1783673361327966E-003   5.1783608712831575E-003   1.2484355184627448E-006
   2.4099999999999926        5.4219034973908868E-003   5.4218968968910534E-003   1.2173783380341862E-006
   2.4199999999999924        5.6404809943576776E-003   5.6404742804228433E-003   1.1903138815132299E-006
   2.4299999999999922        5.8344572556292594E-003   5.8344504500965665E-003   1.1664393675382553E-006
   2.4399999999999920        6.0042456134769438E-003   6.0042387377563684E-003   1.1451444347346216E-006
   2.4499999999999917        6.1503119371103514E-003   6.1503050121383095E-003   1.1259558718328373E-006
   2.4599999999999915        6.2731712486379966E-003   6.2731642948337463E-003   1.1085002597539299E-006
   2.4699999999999913        6.3733843320215302E-003   6.3733773692463830E-003   1.0924780918892238E-006
   2.4799999999999911        6.4515543449359730E-003   6.4515473924553575E-003   1.0776454380005895E-006
   2.4899999999999909        6.5083234430513550E-003   6.5083165194997376E-003   1.0638006920367731E-006
   2.4999999999999907        6.5443694258427746E-003   6.5443625491914672E-003   1.0507748089633645E-006
   2.5099999999999905        6.5604024126175945E-003   6.5603956001454343E-003   1.0384239877276487E-006
   2.5199999999999902        6.5571615570219552E-003   6.5571548252888528E-003   1.0266240895229747E-006
   2.5299999999999900        6.5354118078554202E-003   6.5354051726787699E-003   1.0152663033107284E-006
   2.5399999999999898        6.4959407235840256E-003   6.4959342000179476E-003   1.0042537188782875E-006
   2.5499999999999896        6.4395553474995799E-003   6.4395489498169567E-003   9.9349856226136003E-007
   2.5599999999999894        6.3670791500282905E-003   6.3670728917055788E-003   9.8291990967719337E-007
   2.5699999999999892        6.2793490442459524E-003   6.2793429379507165E-003   9.7244175008195831E-007
   2.5799999999999890        6.1772124802113746E-003   6.1772065377924817E-003   9.6199129113433257E-007
   2.5899999999999888        6.0615246232856605E-003   6.0615188557661005E-003   9.5149742123531590E-007
   2.5999999999999885        5.9331456211636621E-003   5.9331400387359137E-003   9.4088926132121191E-007
   2.6099999999999883        5.7929379639064553E-003   5.7929325759303353E-003   9.3009474032864738E-007
   2.6199999999999881        5.6417639408312143E-003   5.6417587558341463E-003   9.1903913165735419E-007
   2.6299999999999879        5.4804831976883756E-003   5.4804782233679825E-003   9.0764349211024537E-007
   2.6399999999999877        5.3099503971364617E-003   5.3099456403654160E-003   8.9582292697526856E-007
   2.6499999999999875        5.1310129851133198E-003   5.1310084519463652E-003   8.8348460095400085E-007
   2.6599999999999873        4.9445090652996716E-003   4.9445047609827167E-003   8.7052539395058894E-007
   2.6699999999999871        4.7512653834775546E-003   4.7512613124587513E-003   8.5682906823907503E-007
   2.6799999999999868        4.5520954232032259E-003   4.5520915891459476E-003   8.4226277155794909E-007
   2.6899999999999866        4.3477976138420775E-003   4.3477940196396852E-003   8.2667264734053853E-007
   2.6999999999999864        4.1391536516526889E-003   4.1391502994449925E-003   8.0987822471028388E-007
   2.7099999999999862        3.9269269342589114E-003   3.9269238254502235E-003   7.9166513690994339E-007
   2.7199999999999860        3.7118611085133284E-003   3.7118582437920167E-003   7.7177551608335035E-007
   2.7299999999999858        3.4946787314330411E-003   3.4946761107924615E-003   7.4989512517322386E-007
   2.7399999999999856        3.2760800435798756E-003   3.2760776663405930E-003   7.2563581352772332E-007
   2.7499999999999853        3.0567418539621549E-003   3.0567397187953450E-003   6.9851116100014252E-007
   2.7599999999999851        2.8373165352544080E-003   2.8373146402063320E-003   6.6790198347164349E-007
   2.7699999999999849        2.6184311278650558E-003   2.6184294703825127E-003   6.3300637343531644E-007
   2.7799999999999847        2.4006865511303943E-003   2.4006851280870337E-003   5.9276551681731333E-007
   2.7899999999999845        2.1846569196762398E-003   2.1846557273996468E-003   5.4575033404062409E-007
   2.7999999999999843        1.9708889627665120E-003   1.9708879970659538E-003   4.8998246454690608E-007
   2.8099999999999841        1.7599015442508329E-003   1.7599008004455714E-003   4.2264044731103152E-007
   2.8199999999999839        1.5521852805309485E-003   1.5521847534790160E-003   3.3955489596067715E-007
   2.8299999999999836        1.3482022537883683E-003   1.3482019379157148E-003   2.3429179611078703E-007
   2.8399999999999834        1.1483858175530093E-003   1.1483857068829238E-003   9.6370134916942658E-008
   2.8499999999999832        9.5314049154468820E-004   9.5314057972740247E-004   9.2518056782984286E-008
   2.8599999999999830        7.6284194258589735E-004   7.6284222292828197E-004   3.6749720478045912E-007
   2.8699999999999828        5.7783704826520497E-004   5.7783751376047079E-004   8.0558159470288679E-007
   2.8799999999999826        3.9844403992564837E-004   3.9844468328296978E-004   1.6146716179250121E-006
   2.8899999999999824        2.2495272146135707E-004   2.2495353513533466E-004   3.6170757534364389E-006
   2.8999999999999821        5.7624760328087426E-005   5.7625736547972215E-005   1.6940692532001699E-005
   2.9099999999999819       -1.0330595289095471E-004  -1.0330482209235080E-004   1.0946232528234499E-005
   2.9199999999999817       -2.5763288007400796E-004  -2.5763160283178604E-004   4.9576302281504972E-006
   2.9299999999999815       -4.0517635005319513E-004  -4.0517493464229770E-004   3.4933328209897907E-006
   2.9399999999999813       -5.4578301578598557E-004  -5.4578147059364203E-004   2.8311557405250038E-006
   2.9499999999999811       -6.7932525799602867E-004  -6.7932359149478090E-004   2.4531773496868340E-006
   2.9599999999999809       -8.0570053907722352E-004  -8.0569875979858774E-004   2.2083671026401153E-006
   2.9699999999999807       -9.2483071104748702E-004  -9.2482882755630662E-004   2.0365835539325626E-006
   2.9799999999999804       -1.0366612813208062E-003  -1.0366593021903451E-003   1.9091426246761442E-006
   2.9899999999999802       -1.1411606400382776E-003  -1.1411585738261001E-003   1.8106266954247756E-006
   2.9999999999999800       -1.2383192526614121E-003  -1.2383171078860927E-003   1.7320081469518238E-006
   3.0099999999999798       -1.3281488214845062E-003  -1.3281466066032083E-003   1.6676482000464370E-006
   3.0199999999999796       -1.4106814196678254E-003  -1.4106791430547820E-003   1.6138418538981662E-006
   3.0299999999999794       -1.4859686013302235E-003  -1.4859662712561525E-003   1.5680531355546213E-006
   3.0399999999999792       -1.5540804911691030E-003  -1.5540781157815878E-003   1.5284865612840251E-006
   3.0499999999999790       -1.6151048569978366E-003  -1.6151024443026892E-003   1.4938341254528662E-006
   3.0599999999999787       -1.6691461685063853E-003  -1.6691437263500173E-003   1.4631192805154973E-006
   3.0699999999999785       -1.7163246454603850E-003  -1.7163221815132033E-003   1.4355971205417481E-006
   3.0799999999999783       -1.7567752984579202E-003  -1.7567728201987583E-003   1.4106884700238554E-006
   3.0899999999999781       -1.7906469652620449E-003  -1.7906444799636416E-003   1.3879351435103202E-006
   3.0999999999999779       -1.8181013456213485E-003  -1.8180988603368796E-003   1.3669688283235789E-006
   3.1099999999999777       -1.8393120373809656E-003  -1.8393095589316335E-003   1.3474889640059002E-006
   3.1199999999999775       -1.8544635765728806E-003  -1.8544611115365605E-003   1.3292467039052411E-006
   3.1299999999999772       -1.8637504840576344E-003  -1.8637480387585753E-003   1.3120330690131249E-006
   3.1399999999999770       -1.8673763211700697E-003  -1.8673739016696440E-003   1.2956700442179468E-006
   3.1499999999999768       -1.8655527566999893E-003  -1.8655503687884840E-003   1.2800037700402721E-006
   3.1599999999999766       -1.8584986474149943E-003  -1.8584962966044307E-003   1.2648992456255271E-006
   3.1699999999999764       -1.8464391342077331E-003  -1.8464368257257028E-003   1.2502361294754186E-006
   3.1799999999999762       -1.8296047558237379E-003  -1.8296024946082385E-003   1.2359053433808189E-006
   3.1899999999999760       -1.8082305819993622E-003  -1.8082283726946150E-003   1.2218062610556173E-006
   3.1999999999999758       -1.7825553677124262E-003  -1.7825532146656523E-003   1.2078443191146233E-006
   3.2099999999999755       -1.7528207301214164E-003  -1.7528186373805554E-003   1.1939289190561203E-006
   3.2199999999999753       -1.7192703496428131E-003  -1.7192683209551511E-003   1.1799715247235810E-006
   3.2299999999999751       -1.6821491964906761E-003  -1.6821472353023615E-003   1.1658838616820758E-006
   3.2399999999999749       -1.6417027838783349E-003  -1.6417008933347563E-003   1.1515761405441435E-006
   3.2499999999999747       -1.5981764489592081E-003  -1.5981746319062003E-003   1.1369552310271324E-006
   3.2599999999999745       -1.5518146624627078E-003  -1.5518129214485547E-003   1.1219227067217576E-006
   3.2699999999999743       -1.5028603678621474E-003  -1.5028587051403555E-003   1.1063726657475256E-006
   3.2799999999999740       -1.4515543507948230E-003  -1.4515527683276247E-003   1.0901892324030723E-006
   3.2899999999999738       -1.3981346393402241E-003  -1.3981331388027848E-003   1.0732435972417284E-006
   3.2999999999999736       -1.3428359356508629E-003  -1.3428345184361449E-003   1.0553904435124298E-006
   3.3099999999999734       -1.2858890793217197E-003  -1.2858877465459864E-003   1.0364635147110369E-006
   3.3199999999999732       -1.2275205427789632E-003  -1.2275192952878598E-003   1.0162700564154279E-006
   3.3299999999999730       -1.1679519588665950E-003  -1.1679507972418019E-003   9.9458367239760365E-007
   3.3399999999999728       -1.1073996807111569E-003  -1.1073986052775437E-003   9.7113506205524522E-007
   3.3499999999999726       -1.0460743738497607E-003  -1.0460733846830383E-003   9.4559974182839040E-007
   3.3599999999999723       -9.8418064051557881E-004  -9.8417973745037611E-004   9.1758158426953194E-007
   3.3699999999999721       -9.2191667588769721E-004  -9.2191585852606332E-004   8.8659027429544667E-007
   3.3799999999999719       -8.5947395602895384E-004  -8.5947322374920713E-004   8.5200995968200486E-007
   3.3899999999999717       -7.9703695715616400E-004  -7.9703630912209521E-004   8.1305463925857447E-007
   3.3999999999999715       -7.3478290581202989E-004  -7.3478234098237397E-004   7.6870336209355877E-007
   3.4099999999999713       -6.7288155943709166E-004  -6.7288107657528394E-004   7.1760348823999415E-007
   3.4199999999999711       -6.1149501677335071E-004  -6.1149461445747630E-004   6.5792218753260277E-007
   3.4299999999999708       -5.5077755746869525E-004  -5.5077723410165333E-004   5.8711039943067431E-007
   3.4399999999999706       -4.9087551019300719E-004  -4.9087526401279740E-004   5.0151276268655971E-007
   3.4499999999999704       -4.3192714852281408E-004  -4.3192697761296856E-004   3.9569152745530943E-007
   3.4599999999999702       -3.7406261380157097E-004  -3.7406251610164253E-004   2.6118609654016191E-007
   3.4699999999999700       -3.1740386413708032E-004  -3.1740383745320906E-004   8.4069151376784344E-008
   3.4799999999999698       -2.6206464865615088E-004  -2.6206469067162385E-004   1.6032481469210076E-007
   3.4899999999999696       -2.0815050609931588E-004  -2.0815061438514372E-004   5.2022824031176346E-007
   3.4999999999999694       -1.5575878680521726E-004  -1.5575895883064334E-004   1.1044335900018718E-006
   3.5099999999999691       -1.0497869710505273E-004  -1.0497893024802183E-004   2.2208548757855571E-006
   3.5199999999999689       -5.5891365122202252E-005  -5.5891656679706642E-005   5.2164763349332489E-006
   3.5299999999999687       -8.5699269507171917E-006  -8.5702741490485681E-006   4.0511928246181748E-005
   3.5399999999999685        3.6920367831320279E-005   3.6919967826491614E-005   1.0834376415074737E-005
   3.5499999999999683        8.0522032371575905E-005   8.0521582445264650E-005   5.5876486476267015E-006
   3.5599999999999681        1.2218520154484746E-004   1.2218470462303498E-004   4.0669723269794038E-006
   3.5699999999999679        1.6186747482153430E-004   1.6186693386163717E-004   3.3420037324766550E-006
   3.5799999999999677        1.9953374408235286E-004   1.9953316206394872E-004   2.9169006200637863E-006
   3.5899999999999674        2.3515600745892840E-004   2.3515538737470753E-004   2.6369126720454843E-006
   3.5999999999999672        2.6871317027727569E-004   2.6871251512428481E-004   2.4381186361305539E-006
   3.6099999999999670        3.0019083417560596E-004   3.0019014694675130E-004   2.2893118300211985E-006
   3.6199999999999668        3.2958107545949500E-004   3.2958035913536560E-004   2.1734430148889134E-006
   3.6299999999999666        3.5688221374635356E-004   3.5688147128733335E-004   2.0804078663152224E-006
   3.6399999999999664        3.8209857193749236E-004   3.8209780627621568E-004   2.0038358349614514E-006
   3.6499999999999662        4.0524022854001012E-004   4.0523944257412926E-004   1.9395098262728315E-006
   3.6599999999999659        4.2632276334239280E-004   4.2632195992770662E-004   1.8845256911350258E-006
   3.6699999999999657        4.4536699742723850E-004   4.4536617937115242E-004   1.8368168127242195E-006
   3.6799999999999655        4.6239872848205705E-004   4.6239789853741605E-004   1.7948711350808334E-006
   3.6899999999999653        4.7744846234477688E-004   4.7744762320404386E-004   1.7575555772947802E-006
   3.6999999999999651        4.9055114169456698E-004   4.9055029598438183E-004   1.7240030065691424E-006
   3.7099999999999649        5.0174587277099008E-004   5.0174502304708274E-004   1.6935372914691244E-006
   3.7199999999999647        5.1107565097548266E-004   5.1107479971796994E-004   1.6656221617490609E-006
   3.7299999999999645        5.1858708617884860E-004   5.1858623578788978E-004   1.6398255490347944E-006
   3.7399999999999642        5.2433012852699204E-004   5.2432928131882579E-004   1.6157941134255309E-006
   3.7499999999999640        5.2835779550463398E-004   5.2835695370797534E-004   1.5932347492171297E-006
   3.7599999999999638        5.3072590098339392E-004   5.3072506673620555E-004   1.5719008591329511E-006
   3.7699999999999636        5.3149278694649403E-004   5.3149196229311459E-004   1.5515820331117859E-006
   3.7799999999999634        5.3071905854759432E-004   5.3071824543623179E-004   1.5320961160111878E-006
   3.7899999999999632        5.2846732312600915E-004   5.2846652340658284E-004   1.5132830385537322E-006
   3.7999999999999630        5.2480193376491216E-004   5.2480114918724793E-004   1.4949998974756135E-006
   3.8099999999999627        5.1978873794322462E-004   5.1978797015558614E-004   1.4771169833928019E-006
   3.8199999999999625        5.1349483179581232E-004   5.1349408234377121E-004   1.4595144654754064E-006
   3.8299999999999623        5.0598832046049730E-004   5.0598759078612505E-004   1.4420795796872284E-006
   3.8399999999999621        4.9733808495433041E-004   4.9733737639570956E-004   1.4247041434586101E-006
   3.8499999999999619        4.8761355598566454E-004   4.8761286977670574E-004   1.4072822957081239E-006
   3.8599999999999617        4.7688449507291540E-004   4.7688383234347360E-004   1.3897083458321882E-006
   3.8699999999999615        4.6522078330558920E-004   4.6522014508186543E-004   1.3718746501170611E-006
   3.8799999999999613        4.5269221804827652E-004   4.5269160525349627E-004   1.3536694145412872E-006
   3.8899999999999610        4.3936831785394817E-004   4.3936773130930540E-004   1.3349743300970257E-006
   3.8999999999999608        4.2531813581911322E-004   4.2531757624496562E-004   1.3156619402802794E-006
   3.9099999999999606        4.1061008158028869E-004   4.1060954959759702E-004   1.2955925944680920E-006
   3.9199999999999604        3.9531175211885008E-004   3.9531124825084270E-004   1.2746108531081830E-006
   3.9299999999999602        3.7948977150974725E-004   3.7948929618380475E-004   1.2525411053375704E-006
   3.9399999999999600        3.6320963971883875E-004   3.6320919326857885E-004   1.2291821577571630E-006
   3.9499999999999598        3.4653559052377265E-004   3.4653517319132963E-004   1.2043003865212050E-006
   3.9599999999999596        3.2953045860447500E-004   3.2953007054295291E-004   1.1776209723708209E-006
   3.9699999999999593        3.1225555582143987E-004   3.1225519709753539E-004   1.1488164418427888E-006
   3.9799999999999591        2.9477055667318858E-004   2.9477022726996069E-004   1.1174915151506748E-006
   3.9899999999999589        2.7713339289851715E-004   2.7713309271830172E-004   1.0831626511439247E-006
   3.9999999999999587        2.5940015716450826E-004   2.5939988603195202E-004   1.0452300515122966E-006
