   1.0000000000000000E-002  0.99999833333333332       0.99999833333333332        0.0000000000000000     
   2.0000000000000000E-002  0.99998666666666669       0.99998666666666669        0.0000000000000000     
   2.9999999999999999E-002  0.99995500000000004       0.99995500000000004        0.0000000000000000     
   4.0000000000000001E-002  0.99989333333333341       0.99989333333333341        0.0000000000000000     
   5.0000000000000003E-002  0.99979166666666719       0.99979166666666708        1.1104543692854239E-016
   6.0000000000000005E-002  0.99964000000000341       0.99964000000000330        1.1106228488507392E-016
   7.0000000000000007E-002  0.99942833333335146       0.99942833333335135        1.1108580651523820E-016
   8.0000000000000002E-002  0.99914666666674490       0.99914666666674479        1.1111712240696090E-016
   8.9999999999999997E-002  0.99878500000028547       0.99878500000028525        2.2231471730649528E-016
   9.9999999999999992E-002  0.99833333333424279       0.99833333333424246        3.3362294562996026E-016
  0.10999999999999999       0.99778166666926105       0.99778166666926038        6.6761480695345403E-016
  0.11999999999999998       0.99712000000675571       0.99712000000675460        1.1134297021598561E-015
  0.12999999999999998       0.99633833334962751       0.99633833334962574        1.7828851705707761E-015
  0.13999999999999999       0.99542666670348379       0.99542666670348090        2.8998418071165310E-015
  0.14999999999999999       0.99437500007863866       0.99437500007863411        4.5776637592489567E-015
  0.16000000000000000       0.99317333349326919       0.99317333349326231        6.9306963050097514E-015
  0.17000000000000001       0.99181166697823975       0.99181166697822931        1.0522256169129686E-014
  0.18000000000000002       0.99028000058427368       0.99028000058425825        1.5583572356489928E-014
  0.19000000000000003       0.98856833439235814       0.98856833439233571        2.2685842057861925E-014
  0.20000000000000004       0.98666666852851692       0.98666666852848484        3.2519032450461994E-014
  0.21000000000000005       0.98456500318438600       0.98456500318434093        4.5781695118145406E-014
  0.22000000000000006       0.98225333864538023       0.98225333864531783        6.3521834468881215E-014
  0.23000000000000007       0.97972167532865861       0.97972167532857357        8.6803309376375406E-014
  0.24000000000000007       0.97696001383357944       0.97696001383346487        1.1727707840542890E-013
  0.25000000000000006       0.97395835500790195       0.97395835500774963        1.5639539226228978E-013
  0.26000000000000006       0.97070670003363524       0.97070670003343473        2.0655701484330652E-013
  0.27000000000000007       0.96719505053717536       0.96719505053691424        2.6998117416634845E-013
  0.28000000000000008       0.96341340872921077       0.96341340872887393        3.4963356604689658E-013
  0.29000000000000009       0.95935177758082246       0.95935177758039181        4.4890260415034270E-013
  0.30000000000000010       0.95500016104327334       0.95500016104272722        5.7185195153980807E-013
  0.31000000000000011       0.95034856432017389       0.95034856431948689        7.2289897983903313E-013
  0.32000000000000012       0.94538699420204297       0.94538699420118499        9.0754406258283763E-013
  0.33000000000000013       0.94010545947475987       0.94010545947369550        1.1321823556944455E-012
  0.34000000000000014       0.93449397141504176       0.93449397141372992        1.4037966707398826E-012
  0.35000000000000014       0.92854254438788608       0.92854254438627903        1.7307207277261526E-012
  0.36000000000000015       0.92224119656290138       0.92224119656094394        2.1224753589580742E-012
  0.37000000000000016       0.91557995076862986       0.91557995076625853        2.5899708226597629E-012
  0.38000000000000017       0.90854883550634491       0.90854883550348675        3.1458497803380148E-012
  0.39000000000000018       0.90113788614740375       0.90113788614397550        3.8043652702359974E-012
  0.40000000000000019       0.89333714634106265       0.89333714633696959        4.5817631581410246E-012
  0.41000000000000020       0.88513666966272941       0.88513666965786397        5.4968250100834121E-012
  0.42000000000000021       0.87652652153595134       0.87652652153019173        6.5709534916246097E-012
  0.43000000000000022       0.86749678146502851       0.86749678145823739        7.8284131589675009E-012
  0.44000000000000022       0.85803754561901879       0.85803754561104184        9.2967405362792742E-012
  0.45000000000000023       0.84813892981207428       0.84813892980273820        1.1007733675011560E-011
  0.46000000000000024       0.83779107292953325       0.83779107291864408        1.2997486843457236E-011
  0.47000000000000025       0.82698414085400762       0.82698414084134897        1.5307006844889477E-011
  0.48000000000000026       0.81570833095086148       0.81570833093619255        1.7983061075674849E-011
  0.49000000000000027       0.80395387717799438       0.80395387716104738        2.1079566677673841E-011
  0.50000000000000022       0.79171105589073354       0.79171105587121182        2.4657629107271826E-011
  0.51000000000000023       0.77897019241892629       0.77897019239650156        2.8787659604277142E-011
  0.52000000000000024       0.76572166850001722       0.76572166847432710        3.3550202062066370E-011
  0.53000000000000025       0.75195593065901556       0.75195593062966060        3.9038142674562237E-011
  0.54000000000000026       0.73766349963382505       0.73766349960036603        4.5358098043159117E-011
  0.55000000000000027       0.72283498095243792       0.72283498091439258        5.2633513397943328E-011
  0.56000000000000028       0.70746107677700287       0.70746107673384240        6.1007561565189686E-011
  0.57000000000000028       0.69153259913879017       0.69153259908993636        7.0645707737693971E-011
  0.58000000000000029       0.67504048469760458       0.67504048464242516        8.1742381156189243E-011
  0.59000000000000030       0.65797581116926707       0.65797581110707282        9.4523611203346363E-011
  0.60000000000000031       0.64032981557541402       0.64032981550545398        1.0925625524358171E-010
  0.61000000000000032       0.62209391448107010       0.62209391440252759        1.2625506216040660E-010
  0.62000000000000033       0.60325972639725844       0.60325972630924640        1.4589411203893686E-010
  0.63000000000000034       0.58381909653833908       0.58381909643989527        1.6862039844315867E-010
  0.64000000000000035       0.56376412413683996       0.56376412402692200        1.9497154738188341E-010
  0.65000000000000036       0.54308719253227733       0.54308719240975767        2.2559850940250235E-010
  0.66000000000000036       0.52178100226488588       0.52178100212854572        2.6129767244646905E-010
  0.67000000000000037       0.49983860742030817       0.49983860726883222        3.0304970583939469E-010
  0.68000000000000038       0.47725345548715625       0.47725345531912655        3.5207644783148579E-010
  0.69000000000000039       0.45401943100597469       0.45401943081986440        4.0991702383016659E-010
  0.70000000000000040       0.43013090330552967       0.43013090309969604        4.7853717655833622E-010
  0.71000000000000041       0.40558277864054865       0.40558277841322654        5.6048263802791920E-010
  0.72000000000000042       0.38037055706405848       0.38037055681335308        6.5910832579717494E-010
  0.73000000000000043       0.35449039438734709       0.35449039411122640        7.7892288891761017E-010
  0.74000000000000044       0.32793916960132719       0.32793916929761402        9.2612653248609623E-010
  0.75000000000000044       0.30071455815473530       0.30071455782109924        1.1094775911035456E-009
  0.76000000000000045       0.27281511150718174       0.27281511114113055        1.3417555494958921E-009
  0.77000000000000046       0.24424034339860473       0.24424034299747555        1.6423543322140253E-009
  0.78000000000000047       0.21499082330119751       0.21499082286214788        2.0421784713436421E-009
  0.79000000000000048       0.18506827754540245       0.18506827706540030        2.5936489859334427E-009
  0.80000000000000049       0.15447569863812413       0.15447569811393791        3.3933248310646284E-009
  0.81000000000000050       0.12321746331893368       0.12321746274712231        4.6406683215041434E-009
  0.82000000000000051        9.1299459928747273E-002   9.1299459305648756E-002   6.8247777365397128E-009
  0.83000000000000052        5.8729225695290106E-002   5.8729225017011166E-002   1.1549257456776497E-008
  0.84000000000000052        2.5516094570632704E-002   2.5516093833036657E-002   2.8907091013492148E-008
  0.85000000000000053       -8.3286437117623541E-003  -8.3286445130672515E-003   9.6210721465916965E-008
  0.86000000000000054       -4.2791572659688554E-002  -4.2791573529361804E-002   2.0323469747718321E-008
  0.87000000000000055       -7.7856965389151794E-002  -7.7856966332133792E-002   1.2111722848531003E-008
  0.88000000000000056      -0.11350658756439158      -0.11350658858591656        8.9996976250085956E-009
  0.89000000000000057      -0.14971948610257119      -0.14971948720818107        7.3845422666126513E-009
  0.90000000000000058      -0.18647176279626165      -0.18647176399182031        6.4114728497493921E-009
  0.91000000000000059      -0.22373633196700782      -0.22373633325871634        5.7733516014661390E-009
  0.92000000000000060      -0.26148266122203845      -0.26148266261644992        5.3327110150339987E-009
  0.93000000000000060      -0.29967649434353538      -0.29967649584757106        5.0188643241069753E-009
  0.94000000000000061      -0.33827955529577558      -0.33827955691674139        4.7917935709759077E-009
  0.95000000000000062      -0.37724923228987328      -0.37724923403547583        4.6271864695978564E-009
  0.96000000000000063      -0.41653824079874285      -0.41653824267710782        4.5094658091841752E-009
  0.97000000000000064      -0.45609426436624473      -0.45609426638593442        4.4282286406944374E-009
  0.98000000000000065      -0.49585957200423103      -0.49585957417426352        4.3763045024396187E-009
  0.99000000000000066      -0.53577061091934286      -0.53577061324921016        4.3486283896001861E-009
   1.0000000000000007      -0.57575757325788968      -0.57575757575757835        4.3415645464693055E-009
   1.0100000000000007      -0.61574393550193240      -0.61574393818194362        4.3524768118143176E-009
   1.0200000000000007      -0.65564596909275474      -0.65564597196412522        4.3794526276430305E-009
   1.0300000000000007      -0.69537222079921424      -0.69537222387353781        4.4211193199057610E-009
   1.0400000000000007      -0.73482296128796931      -0.73482296457742002        4.4765213805073712E-009
   1.0500000000000007      -0.77388960029025700      -0.77388960380761063        4.5450327970190926E-009
   1.0600000000000007      -0.81245406669569920      -0.81245407045435791        4.6263030173494493E-009
   1.0700000000000007      -0.85038815183751604      -0.85038815585153271        4.7202170526274002E-009
   1.0800000000000007      -0.88755281416548071      -0.88755281844958378        4.8268711261349462E-009
   1.0900000000000007      -0.92379744343292292      -0.92379744800254127        4.9465587507967994E-009
   1.1000000000000008      -0.95895908245204498      -0.95895908732333623        5.0797696415320214E-009
   1.1100000000000008      -0.99286160439770832      -0.99286160958758374        5.2271891351159504E-009
   1.1200000000000008       -1.0253148435636499       -1.0253148490898041        5.3897143943769434E-009
   1.1300000000000008       -1.0561136773967497       -1.0561136832776894        5.5684722471737056E-009
   1.1400000000000008       -1.0850370575544608       -1.0850370638095326        5.7648461997213556E-009
   1.1500000000000008       -1.1118469876477828       -1.1118469942972053        5.9805194439725265E-009
   1.1600000000000008       -1.1362874452471770       -1.1362874523120716        6.2175241440084640E-009
   1.1700000000000008       -1.1580832456415435       -1.1580832531439653        6.4783095468804203E-009
   1.1800000000000008       -1.1769388447507596       -1.1769388527137310        6.7658327151168436E-009
   1.1900000000000008       -1.1925370785002840       -1.1925370869478282        7.0836742204072160E-009
   1.2000000000000008       -1.2045378358719159       -1.2045378448290922        7.4361933686276011E-009
   1.2100000000000009       -1.2125766627479144       -1.2125766722408513        7.8287312450717221E-009
   1.2200000000000009       -1.2162632935663031       -1.2162633036222372        8.2678923679442288E-009
   1.2300000000000009       -1.2151801077032494       -1.2151801183505611        8.7619205895393983E-009
   1.2400000000000009       -1.2088805073938833       -1.2088805186621352        9.3212287841328855E-009
   1.2500000000000009       -1.1968872138957662       -1.1968872258157424        9.9591472447584789E-009
   1.2600000000000009       -1.1786904784893768       -1.1786904910931240        1.0693008259844009E-008
   1.2700000000000009       -1.1537462047974263       -1.1537462181182918        1.1545750107397489E-008
   1.2800000000000009       -1.1214739787894843       -1.1214739928621609        1.2548375324947387E-008
   1.2900000000000009       -1.0812550027202588       -1.0812550175808262        1.3743813625497105E-008
   1.3000000000000009       -1.0324299291288737       -1.0324299448148433        1.5193253269225866E-008
   1.3100000000000009      -0.97429659090258747      -0.97429660745294866        1.6986984318771407E-008
   1.3200000000000010      -0.90610762328154459      -0.90610764073680672        1.9264005003208569E-008
   1.3300000000000010      -0.82706797355130279      -0.82706799195354774        2.2249978392492605E-008
   1.3400000000000010      -0.73633229403699207      -0.73633231342991934        2.6337194375886933E-008
   1.3500000000000010      -0.63300221387697764      -0.63300223430595315        3.2273149136105653E-008
   1.3600000000000010      -0.51612348491478266      -0.51612350642689275        4.1680159545913384E-008
   1.3700000000000010      -0.38468299690572316      -0.38468301954982298        5.8864308187940169E-008
   1.3800000000000010      -0.23760565708916942      -0.23760568091593548        1.0027860431752130E-007
   1.3900000000000010       -7.3751129028528595E-002  -7.3751154090515580E-002   3.3981823464009023E-007
   1.4000000000000010       0.10808957453110762       0.10808954817941441        2.4379501681946523E-007
   1.4100000000000010       0.30919765019323897       0.30919762249536253        8.9579849331720357E-008
   1.4200000000000010       0.53093021939270690       0.53093019029013000        5.4814319163152730E-008
   1.4300000000000010       0.77472420655791330       0.77472417599000565        3.9456504129983831E-008
   1.4400000000000011        1.0421003858454756        1.0421003537494524        3.0799359252758822E-008
   1.4500000000000011        1.3346676025098421        1.3346675688206835        2.5241610241344982E-008
   1.4600000000000011        1.6541271751435802        1.6541271397939816        2.1370545063452178E-008
   1.4700000000000011        2.0022774852009242        2.0022774481212293        1.8518759677832770E-008
   1.4800000000000011        2.3810187603977768        2.3810187215159049        1.6329931215150653E-008
   1.4900000000000011        2.7923580587657608        2.7923580180071470        1.4596485677881860E-008
   1.5000000000000011        3.2384144603261533        3.2384144176136918        1.3189313058670091E-008
   1.5100000000000011        3.7214244735416693        3.7214244287956149        1.2023905166809962E-008
   1.5200000000000011        4.2437476639001463        4.2437476170380704        1.1042616155900052E-008
   1.5300000000000011        4.8078725121842600        4.8078724631209599        1.0204784021560626E-008
   1.5400000000000011        5.4164225101855417        5.4164224588329803        9.4809002999099088E-009
   1.5500000000000012        6.0721625018292151        6.0721624480964440        8.8490338624359644E-009
   1.5600000000000012        6.7780052778887843        6.7780052216818634        8.2925461189621406E-009
   1.5700000000000012        7.5370184326859331        7.5370183739078449        7.7985862921511790E-009
   1.5800000000000012        8.3524314913922115        8.3524314299428006        7.3570685863689681E-009
   1.5900000000000012        9.2276433167742091        9.2276432525500685        6.9599722176689420E-009
   1.6000000000000012        10.166229804453566        10.166229737348001        6.6008311126649415E-009
   1.6100000000000012        11.171951875987205        11.171951805890096        6.2743833646989261E-009
   1.6200000000000012        12.248763779311782        12.248763706109557        5.9762949537327639E-009
   1.6300000000000012        13.400821706339450        13.400821629914924        5.7029731075753279E-009
   1.6400000000000012        14.632492737739788        14.632492657972161        5.4514038745649770E-009
   1.6500000000000012        15.948364125195173        15.948364041959872        5.2190494961771794E-009
   1.6600000000000013        17.353252921674002        17.353252834842610        5.0037530531543287E-009
   1.6700000000000013        18.852215970528160        18.852215879968313        4.8036712605799351E-009
   1.6800000000000013        20.450560264487844        20.450560170063156        4.6172177058916253E-009
   1.6900000000000013        22.153853685898675        22.153853587468610        4.4430222358719753E-009
   1.7000000000000013        23.967936139822559        23.967936037242374        4.2798922772257487E-009
   1.7100000000000013        25.898931091905609        25.898930985026208        4.1267881439216715E-009
   1.7200000000000013        27.953257523203106        27.953257411870961        3.9827968397452407E-009
   1.7300000000000013        30.137642314443514        30.137642198500536        3.8471150835736529E-009
   1.7400000000000013        32.459133072510674        32.459132951794167        3.7190305481051897E-009
   1.7500000000000013        34.925111412225760        34.925111286568274        3.5979122632720831E-009
   1.7600000000000013        37.543306706818328        37.543306576047485        3.4831999354731576E-009
   1.7700000000000014        40.321810320788956        40.321810184727418        3.3743905971690622E-009
   1.7800000000000014        43.269090339184693        43.269090197650087        3.2710326380954611E-009
   1.7900000000000014        46.394006807632508        46.394006660437171        3.1727231037732984E-009
   1.8000000000000014        49.705827497805856        49.705827344756841        3.0790960218307814E-009
   1.8100000000000014        53.214244213334794        53.214244054233667        2.9898221757614803E-009
   1.8200000000000014        56.929389651511173        56.929389486153980        2.9046015479843492E-009
   1.8300000000000014        60.861854836487389        60.861854664664456        2.8231629436441685E-009
   1.8400000000000014        65.022707140019861        65.022706961515638        2.7452597915395669E-009
   1.8500000000000014        69.423508906167129        69.423508720760168        2.6706653741899300E-009
   1.8600000000000014        74.076336696716893        74.076336504179693        2.5991728194384564E-009
   1.8700000000000014        78.993801174487416        78.993800974586208        2.5305936163212528E-009
   1.8800000000000014        84.189067642024924        84.189067434519572        2.4647541289088261E-009
   1.8900000000000015        89.675877253602067        89.675877038246000        2.4014938500072649E-009
   1.9000000000000015        95.468568918811528        95.468568695351507        2.3406658685603686E-009
   1.9100000000000015        101.58210191644427        101.58210168462030        2.2821340697133133E-009
   1.9200000000000015        108.03207923774407        108.03207899728920        2.2257728344799521E-009
   1.9300000000000015        114.83477167853805        114.83477142917833        2.1714652451983963E-009
   1.9400000000000015        122.00714270015794        122.00714244161216        2.1191036601865793E-009
   1.9500000000000015        129.56687407948829        129.56687381146801        2.0685863968006460E-009
   1.9600000000000015        137.53239236890570        137.53239209111479        2.0198217536715329E-009
   1.9700000000000015        145.92289618730820        145.92289589944292        1.9727217907132850E-009
   1.9800000000000015        154.75838436387542        154.75838406562420        1.9272055897374355E-009
   1.9900000000000015        164.05968495664882        164.05968464769214        1.8831968784779273E-009
   2.0000000000000013        173.84848516847617        173.84848484848618        1.8406257258576053E-009
