   0.0000000000000000        0.0000000000000000        10.000000000000000     
   0.0000000000000000        5.0000000000000003E-002   9.9877416872978202     
   0.0000000000000000       0.10000000000000001        9.9509667491912843     
   0.0000000000000000       0.15000000000000002        9.8896751856803888     
   0.0000000000000000       0.20000000000000001        9.8038669967651373     
   0.0000000000000000       0.25000000000000000        9.6935421824455261     
   0.0000000000000000       0.29999999999999999        9.5587007427215571     
   0.0000000000000000       0.34999999999999998        9.3993426775932321     
   0.0000000000000000       0.39999999999999997        9.2154679870605474     
   0.0000000000000000       0.44999999999999996        9.0070766711235049     
   0.0000000000000000       0.49999999999999994        8.7741687297821045     
   0.0000000000000000       0.54999999999999993        8.5167441630363463     
   0.0000000000000000       0.59999999999999998        8.2348029708862303     
   0.0000000000000000       0.65000000000000002        7.9283451533317564     
   0.0000000000000000       0.70000000000000007        7.5973707103729247     
   0.0000000000000000       0.75000000000000011        7.2418796420097342     
   0.0000000000000000       0.80000000000000016        6.8618719482421859     
   0.0000000000000000       0.85000000000000020        6.4573476290702807     
   0.0000000000000000       0.90000000000000024        6.0283066844940167     
   0.0000000000000000       0.95000000000000029        5.5747491145133949     
   0.0000000000000000        1.0000000000000002        5.0966749191284162     
   0.0000000000000000        1.0500000000000003        4.5940840983390787     
   0.0000000000000000        1.1000000000000003        4.0669766521453825     
   0.0000000000000000        1.1500000000000004        3.5153525805473285     
   0.0000000000000000        1.2000000000000004        2.9392118835449166     
   0.0000000000000000        1.2500000000000004        2.3385545611381477     
   0.0000000000000000        1.3000000000000005        1.7133806133270202     
   0.0000000000000000        1.3500000000000005        1.0636900401115348     
   0.0000000000000000        1.4000000000000006       0.38948284149169154     
   0.0000000000000000        1.4280869694521634        0.0000000000000000     
   0.0000000000000000        1.5000000000000007       0.88105410142883389     
   0.0000000000000000        1.5500000000000007        1.4637482110422468     
   0.0000000000000000        1.6000000000000008        2.0219256952513018     
   0.0000000000000000        1.6500000000000008        2.5555865540559992     
   0.0000000000000000        1.7000000000000008        3.0647307874563383     
   0.0000000000000000        1.7500000000000009        3.5493583954523191     
   0.0000000000000000        1.8000000000000009        4.0094693780439421     
   0.0000000000000000        1.8500000000000010        4.4450637352312077     
   0.0000000000000000        1.9000000000000010        4.8561414670141154     
   0.0000000000000000        1.9500000000000011        5.2427025733926653     
   0.0000000000000000        2.0000000000000009        5.6047470543668574     
   0.0000000000000000        2.0500000000000007        5.9422749099366916     
   0.0000000000000000        2.1000000000000005        6.2552861401021680     
   0.0000000000000000        2.1500000000000004        6.5437807448632856     
   0.0000000000000000        2.2000000000000002        6.8077587242200464     
   0.0000000000000000        2.2500000000000000        7.0472200781724492     
   0.0000000000000000        2.2999999999999998        7.2621648067204934     
   0.0000000000000000        2.3499999999999996        7.4525929098641788     
   0.0000000000000000        2.3999999999999995        7.6185043876035072     
   0.0000000000000000        2.4499999999999993        7.7598992399384770     
   0.0000000000000000        2.4999999999999991        7.8767774668690906     
   0.0000000000000000        2.5499999999999989        7.9691390683953447     
   0.0000000000000000        2.5999999999999988        8.0369840445172436     
   0.0000000000000000        2.6499999999999986        8.0803123952347811     
   0.0000000000000000        2.6999999999999984        8.0991241205479607     
   0.0000000000000000        2.7499999999999982        8.0934192204567843     
   0.0000000000000000        2.7999999999999980        8.0631976949612483     
   0.0000000000000000        2.8499999999999979        8.0084595440613562     
   0.0000000000000000        2.8999999999999977        7.9292047677571063     
   0.0000000000000000        2.9499999999999975        7.8254333660484949     
   0.0000000000000000        2.9999999999999973        7.6971453389355275     
   0.0000000000000000        3.0499999999999972        7.5443406864182041     
   0.0000000000000000        3.0999999999999970        7.3670194084965210     
   0.0000000000000000        3.1499999999999968        7.1651815051704819     
   0.0000000000000000        3.1999999999999966        6.9388269764400832     
   0.0000000000000000        3.2499999999999964        6.6879558223053266     
   0.0000000000000000        3.2999999999999963        6.4125680427662104     
   0.0000000000000000        3.3499999999999961        6.1126636378227346     
   0.0000000000000000        3.3999999999999959        5.7882426074749063     
   0.0000000000000000        3.4499999999999957        5.4393049517227183     
   0.0000000000000000        3.4999999999999956        5.0658506705661708     
   0.0000000000000000        3.5499999999999954        4.6678797640052743     
   0.0000000000000000        3.5999999999999952        4.2453922320400110     
   0.0000000000000000        3.6499999999999950        3.7983880746703917     
   0.0000000000000000        3.6999999999999948        3.3268672918964164     
   0.0000000000000000        3.7499999999999947        2.8308298837180814     
   0.0000000000000000        3.7999999999999945        2.3102758501353904     
   0.0000000000000000        3.8499999999999943        1.7652051911483433     
   0.0000000000000000        3.8999999999999941        1.1956179067569401     
   0.0000000000000000        3.9499999999999940       0.60151399696117380     
   0.0000000000000000        3.9986435144660515        0.0000000000000000     
   0.0000000000000000        4.0499999999999936       0.56964764729398409     
   0.0000000000000000        4.0999999999999934        1.0993999272868407     
   0.0000000000000000        4.1499999999999932        1.6046355818753393     
   0.0000000000000000        4.1999999999999931        2.0853546110594805     
   0.0000000000000000        4.2499999999999929        2.5415570148392628     
   0.0000000000000000        4.2999999999999927        2.9732427932146881     
   0.0000000000000000        4.3499999999999925        3.3804119461857551     
   0.0000000000000000        4.3999999999999924        3.7630644737524639     
   0.0000000000000000        4.4499999999999922        4.1212003759148148     
   0.0000000000000000        4.4999999999999920        4.4548196526728088     
   0.0000000000000000        4.5499999999999918        4.7639223040264440     
   0.0000000000000000        4.5999999999999917        5.0485083299757214     
   0.0000000000000000        4.6499999999999915        5.3085777305206419     
   0.0000000000000000        4.6999999999999913        5.5441305056612027     
   0.0000000000000000        4.7499999999999911        5.7551666553974066     
   0.0000000000000000        4.7999999999999909        5.9416861797292544     
   0.0000000000000000        4.8499999999999908        6.1036890786567408     
   0.0000000000000000        4.8999999999999906        6.2411753521798712     
   0.0000000000000000        4.9499999999999904        6.3541450002986437     
   0.0000000000000000        4.9999999999999902        6.4425980230130575     
   0.0000000000000000        5.0499999999999901        6.5065344203231135     
   0.0000000000000000        5.0999999999999899        6.5459541922288107     
   0.0000000000000000        5.1499999999999897        6.5608573387301519     
   0.0000000000000000        5.1999999999999895        6.5512438598271343     
   0.0000000000000000        5.2499999999999893        6.5171137555197580     
   0.0000000000000000        5.2999999999999892        6.4584670258080248     
   0.0000000000000000        5.3499999999999890        6.3753036706919328     
   0.0000000000000000        5.3999999999999888        6.2676236901714848     
   0.0000000000000000        5.4499999999999886        6.1354270842466789     
   0.0000000000000000        5.4999999999999885        5.9787138529175099     
   0.0000000000000000        5.5499999999999883        5.7974839961839884     
   0.0000000000000000        5.5999999999999881        5.5917375140461054     
   0.0000000000000000        5.6499999999999879        5.3614744065038664     
   0.0000000000000000        5.6999999999999877        5.1066946735572678     
   0.0000000000000000        5.7499999999999876        4.8273983152063167     
   0.0000000000000000        5.7999999999999874        4.5235853314510024     
   0.0000000000000000        5.8499999999999872        4.1952557222913320     
   0.0000000000000000        5.8999999999999870        3.8424094877272985     
   0.0000000000000000        5.9499999999999869        3.4650466277589125     
   0.0000000000000000        5.9999999999999867        3.0631671423861704     
   0.0000000000000000        6.0499999999999865        2.6367710316090722     
   0.0000000000000000        6.0999999999999863        2.1858582954276073     
   0.0000000000000000        6.1499999999999861        1.7104289338417971     
   0.0000000000000000        6.1999999999999860        1.2104829468516201     
   0.0000000000000000        6.2499999999999858       0.68602033445709054     
   0.0000000000000000        6.2999999999999856       0.13704109665819786     
   0.0000000000000000        6.3121444049785485       -3.5527136788005009E-015
   0.0000000000000000        6.3999999999999853       0.85911154824277280     
   0.0000000000000000        6.4499999999999851        1.3142478936323345     
   0.0000000000000000        6.4999999999999849        1.7448676136175387     
   0.0000000000000000        6.5499999999999847        2.1509707081983844     
   0.0000000000000000        6.5999999999999845        2.5325571773748732     
   0.0000000000000000        6.6499999999999844        2.8896270211470032     
   0.0000000000000000        6.6999999999999842        3.2221802395147754     
   0.0000000000000000        6.7499999999999840        3.5302168324781902     
   0.0000000000000000        6.7999999999999838        3.8137368000372462     
   0.0000000000000000        6.8499999999999837        4.0727401421919458     
   0.0000000000000000        6.8999999999999835        4.3072268589422862     
   0.0000000000000000        6.9499999999999833        4.5171969502882696     
   0.0000000000000000        6.9999999999999831        4.7026504162298952     
   0.0000000000000000        7.0499999999999829        4.8635872567671621     
   0.0000000000000000        7.0999999999999828        5.0000074719000720     
   0.0000000000000000        7.1499999999999826        5.1119110616286214     
   0.0000000000000000        7.1999999999999824        5.1992980259528156     
   0.0000000000000000        7.2499999999999822        5.2621683648726520     
   0.0000000000000000        7.2999999999999821        5.3005220783881279     
   0.0000000000000000        7.3499999999999819        5.3143591664992487     
   0.0000000000000000        7.3999999999999817        5.3036796292060107     
   0.0000000000000000        7.4499999999999815        5.2684834665084130     
   0.0000000000000000        7.4999999999999813        5.2087706784064585     
   0.0000000000000000        7.5499999999999812        5.1245412649001469     
   0.0000000000000000        7.5999999999999810        5.0157952259894749     
   0.0000000000000000        7.6499999999999808        4.8825325616744486     
   0.0000000000000000        7.6999999999999806        4.7247532719550627     
   0.0000000000000000        7.7499999999999805        4.5424573568313171     
   0.0000000000000000        7.7999999999999803        4.3356448163032155     
   0.0000000000000000        7.8499999999999801        4.1043156503707543     
   0.0000000000000000        7.8999999999999799        3.8484698590339388     
   0.0000000000000000        7.9499999999999797        3.5681074422927619     
   0.0000000000000000        7.9999999999999796        3.2632284001472254     
   0.0000000000000000        8.0499999999999794        2.9338327325973363     
   0.0000000000000000        8.0999999999999801        2.5799204396430859     
   0.0000000000000000        8.1499999999999808        2.2014915212844777     
   0.0000000000000000        8.1999999999999815        1.7985459775215134     
   0.0000000000000000        8.2499999999999822        1.3710838083541894     
   0.0000000000000000        8.2999999999999829       0.91910501378250586     
   0.0000000000000000        8.3499999999999837       0.44260959380646980     
   0.0000000000000000        8.3942952064398000        0.0000000000000000     
   0.0000000000000000        8.4499999999999851       0.49662925261355839     
   0.0000000000000000        8.4999999999999858       0.91648286988581995     
   0.0000000000000000        8.5499999999999865        1.3118198617537236     
   0.0000000000000000        8.5999999999999872        1.6826402282172694     
   0.0000000000000000        8.6499999999999879        2.0289439692764568     
   0.0000000000000000        8.6999999999999886        2.3507310849312866     
   0.0000000000000000        8.7499999999999893        2.6480015751817585     
   0.0000000000000000        8.7999999999999901        2.9207554400278730     
   0.0000000000000000        8.8499999999999908        3.1689926794696284     
   0.0000000000000000        8.8999999999999915        3.3927132935070272     
   0.0000000000000000        8.9499999999999922        3.5919172821400673     
   0.0000000000000000        8.9999999999999929        3.7666046453687496     
   0.0000000000000000        9.0499999999999936        3.9167753831930741     
   0.0000000000000000        9.0999999999999943        4.0424294956130415     
   0.0000000000000000        9.1499999999999950        4.1435669826286503     
   0.0000000000000000        9.1999999999999957        4.2201878442399003     
   0.0000000000000000        9.2499999999999964        4.2722920804467934     
   0.0000000000000000        9.2999999999999972        4.2998796912493287     
   0.0000000000000000        9.3499999999999979        4.3029506766475052     
   0.0000000000000000        9.3999999999999986        4.2815050366413239     
   0.0000000000000000        9.4499999999999993        4.2355427712307847     
   0.0000000000000000        9.5000000000000000        4.1650638804158877     
   0.0000000000000000        9.5500000000000007        4.0700683641966338     
   0.0000000000000000        9.6000000000000014        3.9505562225730193     
   0.0000000000000000        9.6500000000000021        3.8065274555450497     
   0.0000000000000000        9.7000000000000028        3.6379820631127195     
   0.0000000000000000        9.7500000000000036        3.4449200452760333     
   0.0000000000000000        9.8000000000000043        3.2273414020349875     
   0.0000000000000000        9.8500000000000050        2.9852461333895857     
   0.0000000000000000        9.9000000000000057        2.7186342393398260     
   0.0000000000000000        9.9500000000000064        2.4275057198857066     
   0.0000000000000000        10.000000000000007        2.1118605750272295     
   0.0000000000000000        10.050000000000008        1.7716988047643962     
   0.0000000000000000        10.100000000000009        1.4070204090972052     
   0.0000000000000000        10.150000000000009        1.0178253880256545     
   0.0000000000000000        10.200000000000010       0.60411374154974595     
   0.0000000000000000        10.250000000000011       0.16588546966947604     
   0.0000000000000000        10.268230927754956        0.0000000000000000     
