   0.0000000000000000        0.0000000000000000     
   1.0025062656641603E-002   1.2167127249142665E-004
   2.0050125313283207E-002   2.4469665407987666E-004
   3.0075187969924810E-002   3.6920358106642173E-004
   4.0100250626566414E-002   4.9532452915803521E-004
   5.0125313283208017E-002   6.2319719222525094E-004
   6.0150375939849621E-002   7.5296466793093198E-004
   7.0175438596491224E-002   8.8477565046387783E-004
   8.0200501253132828E-002   1.0187846306148639E-003
   9.0225563909774431E-002   1.1551521034363183E-003
  0.10025062656641603        1.2940447837301507E-003
  0.11027568922305764        1.4356358296112404E-003
  0.12030075187969924        1.5801050743967048E-003
  0.13032581453634084        1.7276392670732899E-003
  0.14035087719298245        1.8784323215969864E-003
  0.15037593984962405        2.0326855752802486E-003
  0.16040100250626566        2.1906080565229262E-003
  0.17042606516290726        2.3524167621431550E-003
  0.18045112781954886        2.5183369445639469E-003
  0.19047619047619047        2.6886024091100072E-003
  0.20050125313283207        2.8634558216673366E-003
  0.21052631578947367        3.0431490269553704E-003
  0.22055137844611528        3.2279433776577254E-003
  0.23057644110275688        3.4181100746529516E-003
  0.24060150375939848        3.6139305185810158E-003
  0.25062656641604009        3.8156966729744174E-003
  0.26065162907268169        4.0237114391748477E-003
  0.27067669172932329        4.2382890432470198E-003
  0.28070175438596490        4.4597554350906364E-003
  0.29072681704260650        4.6884486999393708E-003
  0.30075187969924810        4.9247194824220434E-003
  0.31077694235588971        5.1689314233458522E-003
  0.32080200501253131        5.4214616093444506E-003
  0.33082706766917291        5.6827010355146425E-003
  0.34085213032581452        5.9530550811445707E-003
  0.35087719298245612        6.2329439986131959E-003
  0.36090225563909772        6.5228034155155800E-003
  0.37092731829573933        6.8230848500409015E-003
  0.38095238095238093        7.1342562395999695E-003
  0.39097744360902253        7.4568024826663845E-003
  0.40100250626566414        7.7912259937599777E-003
  0.41102756892230574        8.1380472714628633E-003
  0.42105263157894735        8.4978054793171144E-003
  0.43107769423558895        8.8710590394085308E-003
  0.44110275689223055        9.2583862383931632E-003
  0.45112781954887216        9.6603858456719739E-003
  0.46115288220551376        1.0077677743364183E-002
  0.47117794486215536        1.0510903567671100E-002
  0.48120300751879697        1.0960727361159833E-002
  0.49122807017543857        1.1427836235429544E-002
  0.50125313283208017        1.1912941043552195E-002
  0.51127819548872178        1.2416777061604507E-002
  0.52130325814536338        1.2940104678528245E-002
  0.53132832080200498        1.3483710093471610E-002
  0.54135338345864659        1.4048406019675453E-002
  0.55137844611528819        1.4635032393874030E-002
  0.56140350877192979        1.5244457090081003E-002
  0.57142857142857140        1.5877576636527283E-002
  0.58145363408521300        1.6535316934407778E-002
  0.59147869674185460        1.7218633976979411E-002
  0.60150375939849621        1.7928514567432562E-002
  0.61152882205513781        1.8665977033832333E-002
  0.62155388471177941        1.9432071939294762E-002
  0.63157894736842102        2.0227882785426300E-002
  0.64160401002506262        2.1054526706912192E-002
  0.65162907268170422        2.1913155154991579E-002
  0.66165413533834583        2.2804954567403186E-002
  0.67167919799498743        2.3731147022226444E-002
  0.68170426065162903        2.4692990872878139E-002
  0.69172932330827064        2.5691781361354742E-002
  0.70175438596491224        2.6728851206635568E-002
  0.71177944862155385        2.7805571164981460E-002
  0.72180451127819545        2.8923350558679228E-002
  0.73182957393483705        3.0083637769592383E-002
  0.74185463659147866        3.1287920693685280E-002
  0.75187969924812026        3.2537727152490432E-002
  0.76190476190476186        3.3834625257288080E-002
  0.77192982456140347        3.5180223721563160E-002
  0.78195488721804507        3.6576172117099175E-002
  0.79197994987468667        3.8024161068860196E-002
  0.80200501253132828        3.9525922383603619E-002
  0.81203007518796988        4.1083229106956477E-002
  0.82205513784461148        4.2697895503479237E-002
  0.83208020050125309        4.4371776954033548E-002
  0.84210526315789469        4.6106769764564029E-002
  0.85213032581453629        4.7904810880202681E-002
  0.86215538847117790        4.9767877498405597E-002
  0.87218045112781950        5.1697986574639948E-002
  0.88220551378446110        5.3697194213952804E-002
  0.89223057644110271        5.5767594941576230E-002
  0.90225563909774431        5.7911320845554885E-002
  0.91228070175438591        6.0130540584226018E-002
  0.92230576441102752        6.2427458251237564E-002
  0.93233082706766912        6.4804312090660635E-002
  0.94235588972431072        6.7263373054640391E-002
  0.95238095238095233        6.9806943195934126E-002
  0.96240601503759393        7.2437353887611439E-002
  0.97243107769423553        7.5156963862139547E-002
  0.98245614035087714        7.7968157062049750E-002
  0.99248120300751874        8.0873340294380688E-002
   1.0025062656641603        8.3874940681123181E-002
   1.0125313283208019        8.6975402897951609E-002
   1.0225563909774436        9.0177186193622597E-002
   1.0325814536340852        9.3482761182551527E-002
   1.0426065162907268        9.6894606403249942E-002
   1.0526315789473684       0.10041520463551741     
   1.0626566416040100       0.10404703896954028     
   1.0726817042606516       0.10779258862035178     
   1.0827067669172932       0.11165432448146362     
   1.0927318295739348       0.11563470441188371     
   1.1027568922305764       0.11973616825119711     
   1.1127819548872180       0.12396113255790478     
   1.1228070175438596       0.12831198506679409     
   1.1328320802005012       0.13279107886175548     
   1.1428571428571428       0.13740072626116487     
   1.1528822055137844       0.14214319241372400     
   1.1629072681704260       0.14702068860349099     
   1.1729323308270676       0.15203536526374445     
   1.1829573934837092       0.15718930470030726     
   1.1929824561403508       0.16248451352601126     
   1.2030075187969924       0.16792291480911462     
   1.2130325814536340       0.17350633993968734     
   1.2230576441102756       0.17923652021925959     
   1.2330827067669172       0.18511507818038161     
   1.2431077694235588       0.19114351864417189     
   1.2531328320802004       0.19732321952543241     
   1.2631578947368420       0.20365542239648252     
   1.2731829573934836       0.21014122282250583     
   1.2832080200501252       0.21678156048291536     
   1.2932330827067668       0.22357720909501591     
   1.3032581453634084       0.23052876615807846     
   1.3132832080200501       0.23763664253782982     
   1.3233082706766917       0.24490105191330352     
   1.3333333333333333       0.25232200010998390     
   1.3433583959899749       0.25989927434519899     
   1.3533834586466165       0.26763243241377288     
   1.3634085213032581       0.27552079184402817     
   1.3734335839598997       0.28356341905631943     
   1.3834586466165413       0.29175911855837561     
   1.3934837092731829       0.30010642221381983     
   1.4035087719298245       0.30860357862230897     
   1.4135338345864661       0.31724854265177527     
   1.4235588972431077       0.32603896516525788     
   1.4335839598997493       0.33497218298675263     
   1.4436090225563909       0.34404520915238829     
   1.4536340852130325       0.35325472349502068     
   1.4636591478696741       0.36259706361203092     
   1.4736842105263157       0.37206821626768238     
   1.4837092731829573       0.38166380928282967     
   1.4937343358395989       0.39137910396605996     
   1.5037593984962405       0.40120898814146677     
   1.5137844611528821       0.41114796982918755     
   1.5238095238095237       0.42119017163556638     
   1.5338345864661653       0.43132932591030843     
   1.5438596491228069       0.44155877072826044     
   1.5538847117794485       0.45187144675346053     
   1.5639097744360901       0.46225989504283560     
   1.5739348370927317       0.47271625584636473     
   1.5839598997493733       0.48323226845966455     
   1.5939849624060149       0.49379927218376313     
   1.6040100250626566       0.50440820844530077     
   1.6140350877192982       0.51504962412852251     
   1.6240601503759398       0.52571367616818543     
   1.6340852130325814       0.53639013744989017     
   1.6441102756892230       0.54706840406135826     
   1.6541353383458646       0.55773750393478361     
   1.6641604010025062       0.56838610691662406     
   1.6741854636591478       0.57900253629702281     
   1.6842105263157894       0.58957478182648060     
   1.6942355889724310       0.60009051424245230     
   1.7042606516290726       0.61053710132319061     
   1.7142857142857142       0.62090162548043903     
   1.7243107769423558       0.63117090289649003     
   1.7343358395989974       0.64133150420468055     
   1.7443609022556390       0.65136977670562402     
   1.7543859649122806       0.66127186810438843     
   1.7644110275689222       0.67102375174645579     
   1.7744360902255638       0.68061125332265948     
   1.7844611528822054       0.69002007900543094     
   1.7944862155388470       0.69923584497062896     
   1.8045112781954886       0.70824410825100859     
   1.8145363408521302       0.71703039885905717     
   1.8245614035087718       0.72558025310852481     
   1.8345864661654134       0.73387924805555771     
   1.8446115288220550       0.74191303697194599     
   1.8546365914786966       0.74966738575468495     
   1.8646616541353382       0.75712821016787568     
   1.8746867167919798       0.76428161380500059     
   1.8847117794486214       0.77111392665188194     
   1.8947368421052631       0.77761174412320733     
   1.9047619047619047       0.78376196643845353     
   1.9147869674185463       0.78955183819643127     
   1.9248120300751879       0.79496898800154492     
   1.9348370927318295       0.80000146798928917     
   1.9448621553884711       0.80463779309355921     
   1.9548872180451127       0.80886697989405920     
   1.9649122807017543       0.81267858487853850     
   1.9749373433583959       0.81606274195181416     
   1.9849624060150375       0.81901019902157035     
   1.9949874686716791       0.82151235348987939     
   2.0050125313283207       0.82356128647920157     
   2.0150375939849621       0.82514979562243063     
   2.0250626566416039       0.82627142624832384     
   2.0350877192982457       0.82692050079643098     
   2.0451127819548871       0.82709214629945604     
   2.0551378446115285       0.82678231977581440     
   2.0651629072681703       0.82598783138104992     
   2.0751879699248121       0.82470636517368856     
   2.0852130325814535       0.82293649735905505     
   2.0952380952380949       0.82067771188354188     
   2.1052631578947367       0.81793041326174698     
   2.1152882205513786       0.81469593652978467     
   2.1253132832080199       0.81097655422984083     
   2.1353383458646613       0.80677548034367519     
   2.1453634085213031       0.80209687110618710     
   2.1553884711779450       0.79694582264428038     
   2.1654135338345863       0.79132836540104157     
   2.1754385964912277       0.78525145532056750     
   2.1854636591478696       0.77872296178458655     
   2.1954887218045114       0.77175165230818232     
   2.2055137844611528       0.76434717401837038     
   2.2155388471177941       0.75652003195590700     
   2.2255639097744360       0.74828156425735959     
   2.2355889724310778       0.73964391429109289     
   2.2456140350877192       0.73061999983726511     
   2.2556390977443606       0.72122347941809817     
   2.2656641604010024       0.71146871590041572     
   2.2756892230576442       0.70137073750771761     
   2.2857142857142856       0.69094519639363783     
   2.2957393483709270       0.68020832494251460     
   2.3057644110275688       0.66917688997581659     
   2.3157894736842106       0.65786814505523850     
   2.3258145363408520       0.64629978108430119     
   2.3358395989974934       0.63448987542018243     
   2.3458646616541352       0.62245683971617849     
   2.3558897243107770       0.61021936672257959     
   2.3659147869674184       0.59779637627977633     
   2.3759398496240598       0.58520696074204781     
   2.3859649122807016       0.57247033007366877     
   2.3959899749373434       0.55960575686067338     
   2.4060150375939848       0.54663252148182739     
   2.4160401002506262       0.53356985768107745     
   2.4260651629072680       0.52043689878093602     
   2.4360902255639099       0.50725262477200339     
   2.4461152882205512       0.49403581050809525     
   2.4561403508771926       0.48080497522929538     
   2.4661654135338344       0.46757833362676932     
   2.4761904761904763       0.45437374865335828     
   2.4862155388471177       0.44120868627296439     
   2.4962406015037590       0.42810017232956826     
   2.5062656641604009       0.41506475170351897     
   2.5162907268170427       0.40211844990857487     
   2.5263157894736841       0.38927673726819217     
   2.5363408521303255       0.37655449579383898     
   2.5463659147869673       0.36396598887179965     
   2.5563909774436091       0.35152483384815003     
   2.5664160401002505       0.33924397758442515     
   2.5764411027568919       0.32713567503915969     
   2.5864661654135337       0.31521147091300433     
   2.5964912280701755       0.30348218437771701     
   2.6065162907268169       0.29195789689206519     
   2.6165413533834583       0.28064794309071339     
   2.6265664160401001       0.26956090471560001     
   2.6365914786967419       0.25870460754328295     
   2.6466165413533833       0.24808612124631285     
   2.6566416040100247       0.23771176211202430     
   2.6666666666666665       0.22758709852827932     
   2.6766917293233083       0.21771695913275693     
   2.6867167919799497       0.20810544351042601     
   2.6967418546365911       0.19875593531292871     
   2.7067669172932329       0.18967111766380293     
   2.7167919799498748       0.18085299070481647     
   2.7268170426065161       0.17230289113122260     
   2.7368421052631575       0.16402151355747882     
   2.7468671679197993       0.15600893354993609     
   2.7568922305764412       0.14826463215917540     
   2.7669172932330826       0.14078752178207024     
   2.7769423558897239       0.13357597318222483     
   2.7869674185463658       0.12662784349720016     
   2.7969924812030076       0.11994050506180759     
   2.8070175438596490       0.11351087487871737     
   2.8170426065162903       0.10733544457061343     
   2.8270676691729322       0.10141031065209052     
   2.8370927318295740        9.5731204964350058E-002
   2.8471177944862154        9.0293525121447643E-002
   2.8571428571428568        8.5092364823297628E-002
   2.8671679197994986        8.0122543897769419E-002
   2.8771929824561404        7.5378637941936347E-002
   2.8872180451127818        7.0855007440775608E-002
   2.8972431077694232        6.6545826250283033E-002
   2.9072681704260650        6.2445109340976364E-002
   2.9172932330827068        5.8546739707030837E-002
   2.9273182957393482        5.4844494355736198E-002
   2.9373433583959896        5.1332069301511893E-002
   2.9473684210526314        4.8003103498283579E-002
   2.9573934837092732        4.4851201653538675E-002
   2.9674185463659146        4.1869955876772724E-002
   2.9774436090225560        3.9052966124246802E-002
   2.9874686716791978        3.6393859410936577E-002
   2.9974937343358397        3.3886307769216688E-002
   3.0075187969924810        3.1524044942134712E-002
   3.0175438596491224        2.9300881807047308E-002
   3.0275689223057642        2.7210720532879380E-002
   3.0375939849624061        2.5247567481290950E-002
   3.0476190476190474        2.3405544868572398E-002
   3.0576441102756888        2.1678901211114380E-002
   3.0676691729323307        2.0062020582801161E-002
   3.0776942355889725        1.8549430717643429E-002
   3.0877192982456139        1.7135809995396864E-002
   3.0977443609022552        1.5815993351805266E-002
   3.1077694235588971        1.4584977158466381E-002
   3.1177944862155389        1.3437923120156075E-002
   3.1278195488721803        1.2370161239773275E-002
   3.1378446115288217        1.1377191902901908E-002
   3.1478696741854635        1.0454687135347095E-002
   3.1578947368421053        9.5984910879123621E-003
   3.1679197994987467        8.8046198031688696E-003
   3.1779448621553881        8.0692603190521996E-003
   3.1879699248120299        7.3887691638360471E-003
   3.1979949874686717        6.7596702964041761E-003
   3.2080200501253131        6.1786525448027704E-003
   3.2180451127819545        5.6425665948348133E-003
   3.2280701754385963        5.1484215789878301E-003
   3.2380952380952381        4.6933813142960067E-003
   3.2481203007518795        4.2747602358576570E-003
   3.2581453634085209        3.8900190706886166E-003
   3.2681704260651627        3.5367602944197090E-003
   3.2781954887218046        3.2127234110687500E-003
   3.2882205513784459        2.9157800937613366E-003
   3.2982456140350873        2.6439292218634592E-003
   3.3082706766917291        2.3952918475462926E-003
   3.3182957393483710        2.1681061223503303E-003
   3.3283208020050123        1.9607222118718215E-003
   3.3383458646616537        1.7715972242771331E-003
   3.3483709273182956        1.5992901759760941E-003
   3.3583959899749374        1.4424570154678068E-003
   3.3684210526315788        1.2998457241243549E-003
   3.3784461152882201        1.1702915105099845E-003
   3.3884711779448620        1.0527121127548436E-003
   3.3984962406015038        9.4610322152071237E-004
   3.4085213032581452        8.4953403421732709E-004
   3.4185463659147866        7.6214294935642273E-004
   3.4285714285714284        6.8313340826976190E-004
   3.4385964912280702        6.1176988986904257E-004
   3.4486215538847116        5.4737406269058720E-004
   3.4586466165413530        4.8932109714580813E-004
   3.4686716791979948        4.3703613968848883E-004
   3.4786967418546366        3.8999094950989920E-004
   3.4887218045112780        3.4770069737991786E-004
   3.4987468671679194        3.0972092536332035E-004
   3.5087719298245612        2.7564466535126748E-004
   3.5187969924812030        2.4509971365445474E-004
   3.5288220551378444        2.1774605830162047E-004
   3.5388471177944858        1.9327345517018382E-004
   3.5488721804511276        1.7139914863946914E-004
   3.5588972431077694        1.5186573209596715E-004
   3.5689223057644108        1.3443914332895608E-004
   3.5789473684210522        1.1890678962817646E-004
   3.5889724310776940        1.0507579722772744E-004
   3.5989974937343359        9.2771379626676283E-005
   3.6090225563909772        8.1835319251856252E-005
   3.6190476190476186        7.2124556907021017E-005
   3.6290726817042605        6.3509883470079935E-005
   3.6390977443609023        5.5874728352009809E-005
   3.6491228070175437        4.9114039312848290E-005
   3.6591478696741850        4.3133248337843469E-005
   3.6691729323308269        3.7847318406526119E-005
   3.6791979949874687        3.3179866135635919E-005
   3.6892230576441101        2.9062355440209604E-005
   3.6992481203007515        2.5433357532738701E-005
   3.7092731829573933        2.2237872765446913E-005
   3.7192982456140351        1.9426710013001782E-005
   3.7293233082706765        1.6955919490232231E-005
   3.7393483709273179        1.4786275099777589E-005
   3.7493734335839597        1.2882802606384299E-005
   3.7593984962406015        1.1214350136317690E-005
   3.7694235588972429        9.7531977007323682E-006
   3.7794486215538843        8.4747026395997496E-006
   3.7894736842105261        7.3569780767082768E-006
   3.7994987468671679        6.3806016650816404E-006
   3.8095238095238093        5.5283520845757619E-006
   3.8195488721804507        4.7849709279680985E-006
   3.8295739348370925        4.1369477769743638E-006
   3.8395989974937343        3.5723264236501748E-006
   3.8496240601503757        3.0805303338674085E-006
   3.8596491228070171        2.6522055763992516E-006
   3.8696741854636589        2.2790795522581247E-006
   3.8796992481203008        1.9538339533955941E-006
   3.8897243107769421        1.6699904573985979E-006
   3.8997493734335835        1.4218077258712374E-006
   3.9097744360902253        1.2041883200778451E-006
   3.9197994987468672        1.0125941802257765E-006
   3.9298245614035086        8.4296933715088734E-007
   3.9398496240601499        6.9166854001042284E-007
   3.9498746867167918        5.5539049344115735E-007
   3.9598997493734336        4.3111440408545280E-007
   3.9699248120300750        3.1603853932823428E-007
   3.9799498746867163        2.0751949809154902E-007
   3.9899749373433582        1.0301087932261422E-007
   4.0000000000000000        0.0000000000000000     
