   0.0000000000000000        0.0000000000000000     
   1.0025062656641603E-002   1.7473851232314420E-007
   2.0050125313283207E-002   3.5348720517157938E-007
   3.0075187969924810E-002   5.3860525854302640E-007
   4.0100250626566414E-002   7.3258862007374215E-007
   5.0125313283208017E-002   9.3809746867474940E-007
   6.0150375939849621E-002   1.1579862010797335E-006
   7.0175438596491224E-002   1.3953362136786036E-006
   8.0200501253132828E-002   1.6534917800973537E-006
   9.0225563909774431E-002   1.9360993557316762E-006
  0.10025062656641603        2.2471506740053595E-006
  0.11027568922305764        2.5910300356503494E-006
  0.12030075187969924        2.9725662319268884E-006
  0.13032581453634084        3.3970895855428120E-006
  0.14035087719298245        3.8704946392052829E-006
  0.15037593984962405        4.3993090713551956E-006
  0.16040100250626566        4.9907694718011835E-006
  0.17042606516290726        5.6529046667957014E-006
  0.18045112781954886        6.3946273436949477E-006
  0.19047619047619047        7.2258347898416477E-006
  0.20050125313283207        8.1575196288411527E-006
  0.21052631578947367        9.2018915101166016E-006
  0.22055137844611528        1.0372510784690597E-005
  0.23057644110275688        1.1684435281723572E-005
  0.24060150375939848        1.3154381386624591E-005
  0.25062656641604009        1.4800900712723433E-005
  0.26065162907268169        1.6644573754733728E-005
  0.27067669172932329        1.8708222013712449E-005
  0.28070175438596490        2.1017140190077156E-005
  0.29072681704260650        2.3599350153591342E-005
  0.30075187969924810        2.6485878517142478E-005
  0.31077694235588971        2.9711059764634746E-005
  0.32080200501253131        3.3312867012357439E-005
  0.33082706766917291        3.7333272617659279E-005
  0.34085213032581452        4.1818640988465856E-005
  0.35087719298245612        4.6820156091849856E-005
  0.36090225563909772        5.2394286309133337E-005
  0.37092731829573933        5.8603289438408280E-005
  0.38095238095238093        6.5515760802336710E-005
  0.39097744360902253        7.3207227578971068E-005
  0.40100250626566414        8.1760792635330963E-005
  0.41102756892230574        9.1267831306685482E-005
  0.42105263157894735        1.0182874472790188E-004
  0.43107769423558895        1.1355377348567368E-004
  0.44110275689223055        1.2656387552065015E-004
  0.45112781954887216        1.4099167236502201E-004
  0.46115288220551376        1.5698246795238548E-004
  0.47117794486215536        1.7469534438096948E-004
  0.48120300751879697        1.9430433914665340E-004
  0.49122807017543857        2.1599970848653599E-004
  0.50125313283208017        2.3998928158487019E-004
  0.51127819548872178        2.6649991048849369E-004
  0.52130325814536338        2.9577902065581178E-004
  0.53132832080200498        3.2809626711907490E-004
  0.54135338345864659        3.6374530127110280E-004
  0.55137844611528819        4.0304565329149408E-004
  0.56140350877192979        4.4634473520030222E-004
  0.57142857142857140        4.9401996946554219E-004
  0.58145363408521300        5.4648104799091390E-004
  0.59147869674185460        6.0417232616785015E-004
  0.60150375939849621        6.6757535648732393E-004
  0.61152882205513781        7.3721156596749204E-004
  0.62155388471177941        8.1364508135896502E-004
  0.63157894736842102        8.9748570573574204E-004
  0.64160401002506262        9.8939204966224693E-004
  0.65162907268170422        1.0900748196408796E-003
  0.66165413533834583        1.2003002659856060E-003
  0.67167919799498743        1.3208937916309410E-003
  0.68170426065162903        1.4527437226678694E-003
  0.69172932330827064        1.5968052405946249E-003
  0.70175438596491224        1.7541044753770060E-003
  0.71177944862155385        1.9257427574260666E-003
  0.72180451127819545        2.1129010255175971E-003
  0.73182957393483705        2.3168443864945184E-003
  0.74185463659147866        2.5389268213079196E-003
  0.75187969924812026        2.7805960305629638E-003
  0.76190476190476186        3.0433984112408210E-003
  0.77192982456140347        3.3289841546668966E-003
  0.78195488721804507        3.6391124540887877E-003
  0.79197994987468667        3.9756568084157650E-003
  0.80200501253132828        4.3406104067573370E-003
  0.81203007518796988        4.7360915763844606E-003
  0.82205513784461148        5.1643492746274158E-003
  0.83208020050125309        5.6277686030250683E-003
  0.84210526315789469        6.1288763197568999E-003
  0.85213032581453629        6.6703463240316606E-003
  0.86215538847117790        7.2550050836815297E-003
  0.87218045112781950        7.8858369747325519E-003
  0.88220551378446110        8.5659894992002796E-003
  0.89223057644110271        9.2987783448102278E-003
  0.90225563909774431        1.0087692247780604E-002
  0.91228070175438591        1.0936397617247663E-002
  0.92230576441102752        1.1848742877380468E-002
  0.93233082706766912        1.2828762480743399E-002
  0.94235588972431072        1.3880680544042217E-002
  0.95238095238095233        1.5008914055058496E-002
  0.96240601503759393        1.6218075597361617E-002
  0.97243107769423553        1.7512975537314568E-002
  0.98245614035087714        1.8898623615988059E-002
  0.99248120300751874        2.0380229886895005E-002
   1.0025062656641603        2.1963204938985927E-002
   1.0125313283208019        2.3653159343134979E-002
   1.0225563909774436        2.5455902259428943E-002
   1.0325814536340852        2.7377439141978904E-002
   1.0426065162907268        2.9423968477739836E-002
   1.0526315789473684        3.1601877495977371E-002
   1.0626566416040100        3.3917736785598056E-002
   1.0726817042606516        3.6378293758587164E-002
   1.0827067669172932        3.8990464899309525E-002
   1.0927318295739348        4.1761326741450590E-002
   1.1027568922305764        4.4698105516934220E-002
   1.1127819548872180        4.7808165424275774E-002
   1.1228070175438596        5.1098995467532923E-002
   1.1328320802005012        5.4578194821327614E-002
   1.1428571428571428        5.8253456682336432E-002
   1.1528822055137844        6.2132550573204590E-002
   1.1629072681704260        6.6223303071031539E-002
   1.1729323308270676        7.0533576939412160E-002
   1.1829573934837092        7.5071248650485506E-002
   1.1929824561403508        7.9844184291548201E-002
   1.2030075187969924        8.4860213859506178E-002
   1.2130325814536340        9.0127103955756141E-002
   1.2230576441102756        9.5652528903974299E-002
   1.2330827067669172       0.10144404032372074     
   1.2431077694235588       0.10750903520369529     
   1.2531328320802004       0.11385472252986530     
   1.2631578947368420       0.12048808853547879     
   1.2731829573934836       0.12741586065210250     
   1.2832080200501252       0.13464447025324050     
   1.2932330827067668       0.14218001429470387     
   1.3032581453634084       0.15002821596864882     
   1.3132832080200501       0.15819438450097703     
   1.3233082706766917       0.16668337423454066     
   1.3333333333333333       0.17549954315317343     
   1.3433583959899749       0.18464671101392022     
   1.3533834586466165       0.19412811726682747     
   1.3634085213032581       0.20394637895318701     
   1.3734335839598997       0.21410344878409349     
   1.3834586466165413       0.22460057361144192     
   1.3934837092731829       0.23543825351298037     
   1.4035087719298245       0.24661620172158755     
   1.4135338345864661       0.25813330563649234     
   1.4235588972431077       0.26998758916054655     
   1.4335839598997493       0.28217617661283639     
   1.4436090225563909       0.29469525846969563     
   1.4536340852130325       0.30754005918959537     
   1.4636591478696741       0.32070480737817014     
   1.4736842105263157       0.33418270854887788     
   1.4837092731829573       0.34796592073229210     
   1.4937343358395989       0.36204553318279514     
   1.5037593984962405       0.37641154842537633     
   1.5137844611528821       0.39105286787734994     
   1.5238095238095237       0.40595728127001457     
   1.5338345864661653       0.42111146008361749     
   1.5438596491228069       0.43650095519542270     
   1.5538847117794485       0.45211019892523097     
   1.5639097744360901       0.46792251164546511     
   1.5739348370927317       0.48392011310383160     
   1.5839598997493733       0.50008413858580725     
   1.5939849624060149       0.51639466002176870     
   1.6040100250626566       0.53283071211959598     
   1.6140350877192982       0.54937032357821514     
   1.6240601503759398       0.56599055341083404     
   1.6340852130325814       0.58266753237878544     
   1.6441102756892230       0.59937650950808885     
   1.6541353383458646       0.61609190363121491     
   1.6641604010025062       0.63278735986625156     
   1.6741854636591478       0.64943581091504510     
   1.6842105263157894       0.66600954303098914     
   1.6942355889724310       0.68248026647626292     
   1.7042606516290726       0.69881919025768358     
   1.7142857142857142       0.71499710090018198     
   1.7243107769423558       0.73098444498741066     
   1.7343358395989974       0.74675141517048704     
   1.7443609022556390       0.76226803931845000     
   1.7543859649122806       0.77750427245809905     
   1.7644110275689222       0.79243009112646401     
   1.7744360902255638       0.80701558973668663     
   1.7844611528822054       0.82123107853761113     
   1.7944862155388470       0.83504718272915712     
   1.8045112781954886       0.84843494227978467     
   1.8145363408521302       0.86136591197913204     
   1.8245614035087718       0.87381226124848577     
   1.8345864661654134       0.88574687322417900     
   1.8446115288220550       0.89714344262439838     
   1.8546365914786966       0.90797657190842385     
   1.8646616541353382       0.91822186523892302     
   1.8746867167919798       0.92785601976275578     
   1.8847117794486214       0.93685691373375979     
   1.8947368421052631       0.94520369101218726     
   1.9047619047619047       0.95287684148981022     
   1.9147869674185463       0.95985827700714499     
   1.9248120300751879       0.96613140234971984     
   1.9348370927318295       0.97168118093358746     
   1.9448621553884711       0.97649419481638688     
   1.9548872180451127       0.98055869869892953     
   1.9649122807017543       0.98386466761332914     
   1.9749373433583959       0.98640383802697240     
   1.9849624060150375       0.98816974212687025     
   1.9949874686716791       0.98915773508586935     
   2.0050125313283207       0.98936501515070696     
   2.0150375939849621       0.98879063643145892     
   2.0250626566416039       0.98743551431257126     
   2.0350877192982457       0.98530242344681107     
   2.0451127819548871       0.98239598833504871     
   2.0551378446115285       0.97872266653629170     
   2.0651629072681703       0.97429072459374089     
   2.0751879699248121       0.96911020680334292     
   2.0852130325814535       0.96319289699120969     
   2.0952380952380949       0.95655227350494476     
   2.1052631578947367       0.94920345766129011     
   2.1152882205513786       0.94116315592807376     
   2.1253132832080199       0.93244959615210332     
   2.1353383458646613       0.92308245817619228     
   2.1453634085213031       0.91308279921755742     
   2.1553884711779450       0.90247297440638496     
   2.1654135338345863       0.89127655290713526     
   2.1754385964912277       0.87951823006598628     
   2.1854636591478696       0.86722373604567560     
   2.1954887218045114       0.85441974142366439     
   2.2055137844611528       0.84113376024108999     
   2.2155388471177941       0.82739405099817898     
   2.2255639097744360       0.81322951609677585     
   2.2355889724310778       0.79866960023235256     
   2.2456140350877192       0.78374418823636050     
   2.2556390977443606       0.76848350286504274     
   2.2656641604010024       0.75291800302308098     
   2.2756892230576442       0.73707828289966326     
   2.2857142857142856       0.72099497248088806     
   2.2957393483709270       0.70469863988613635     
   2.3057644110275688       0.68821969595709509     
   2.3157894736842106       0.67158830150692694     
   2.3258145363408520       0.65483427761362634     
   2.3358395989974934       0.63798701931629420     
   2.3458646616541352       0.62107541304597214     
   2.3558897243107770       0.60412775809413888     
   2.3659147869674184       0.58717169239215994     
   2.3759398496240598       0.57023412284412067     
   2.3859649122807016       0.55334116042406423     
   2.3959899749373434       0.53651806021636061     
   2.4060150375939848       0.51978916654572738     
   2.4160401002506262       0.50317786331103376     
   2.4260651629072680       0.48670652960474614     
   2.4360902255639099       0.47039650066822775     
   2.4461152882205512       0.45426803420192391     
   2.4561403508771926       0.43834028201919623     
   2.4661654135338344       0.42263126700337583     
   2.4761904761904763       0.40715786529950632     
   2.4862155388471177       0.39193579364564635     
   2.4962406015037590       0.37697960172342010     
   2.5062656641604009       0.36230266938399280     
   2.5162907268170427       0.34791720858390812     
   2.5263157894736841       0.33383426984529579     
   2.5363408521303255       0.32006375303695517     
   2.5463659147869673       0.30661442225679175     
   2.5563909774436091       0.29349392458207352     
   2.5664160401002505       0.28070881244198326     
   2.5764411027568919       0.26826456935697429     
   2.5864661654135337       0.25616563878154475     
   2.5964912280701755       0.24441545578107718     
   2.6065162907268169       0.23301648126943506     
   2.6165413533834583       0.22197023853190961     
   2.6265664160401001       0.21127735175787324     
   2.6365914786967419       0.20093758630897174     
   2.6466165413533833       0.19094989045186478     
   2.6566416040100247       0.18131243828921020     
   2.6666666666666665       0.17202267362878579     
   2.6766917293233083       0.16307735453812106     
   2.6867167919799497       0.15447259834074489     
   2.6967418546365911       0.14620392682000022     
   2.7067669172932329       0.13826631140714693     
   2.7167919799498748       0.13065421814215281     
   2.7268170426065161       0.12336165220791695     
   2.7368421052631575       0.11638220185165837     
   2.7468671679197993       0.10970908152063645     
   2.7568922305764412       0.10333517405315441     
   2.7669172932330826        9.7253071779844449E-002
   2.7769423558897239        9.1455116404367987E-002
   2.7869674185463658        8.5933437546848193E-002
   2.7969924812030076        8.0679989847427219E-002
   2.8070175438596490        7.5686588541258135E-002
   2.8170426065162903        7.0944943429868818E-002
   2.8270676691729322        6.6446691187146537E-002
   2.8370927318295740        6.2183425951044737E-002
   2.8471177944862154        5.8146728164530932E-002
   2.8571428571428568        5.4328191641114944E-002
   2.8671679197994986        5.0719448841576413E-002
   2.8771929824561404        4.7312194359122456E-002
   2.8872180451127818        4.4098206620165538E-002
   2.8972431077694232        4.1069367817178522E-002
   2.9072681704260650        3.8217682098624882E-002
   2.9172932330827068        3.5535292048794395E-002
   2.9273182957393482        3.3014493497459503E-002
   2.9373433583959896        3.0647748705622372E-002
   2.9473684210526314        2.8427697979261961E-002
   2.9573934837092732        2.6347169767896018E-002
   2.9674185463659146        2.4399189308994890E-002
   2.9774436090225560        2.2576985882812074E-002
   2.9874686716791978        2.0873998745079454E-002
   2.9974937343358397        1.9283881807261469E-002
   3.0075187969924810        1.7800507135713066E-002
   3.0175438596491224        1.6417967342174659E-002
   3.0275689223057642        1.5130576938584965E-002
   3.0375939849624061        1.3932872729257533E-002
   3.0476190476190474        1.2819613313061584E-002
   3.0576441102756888        1.1785777767434127E-002
   3.0676691729323307        1.0826563584845952E-002
   3.0776942355889725        9.9373839308026062E-003
   3.0877192982456139        9.1138642906129115E-003
   3.0977443609022552        8.3518385700396530E-003
   3.1077694235588971        7.6473447125996593E-003
   3.1177944862155389        6.9966198937373401E-003
   3.1278195488721803        6.3960953493857409E-003
   3.1378446115288217        5.8423908935954783E-003
   3.1478696741854635        5.3323091769728014E-003
   3.1578947368421053        4.8628297346620750E-003
   3.1679197994987467        4.4311028695563394E-003
   3.1779448621553881        4.0344434133502017E-003
   3.1879699248120299        3.6703244049831139E-003
   3.1979949874686717        3.3363707229809524E-003
   3.2080200501253131        3.0303527052070321E-003
   3.2180451127819545        2.7501797865980720E-003
   3.2280701754385963        2.4938941826005215E-003
   3.2380952380952381        2.2596646432520105E-003
   3.2481203007518795        2.0457803001807423E-003
   3.2581453634085209        1.8506446262342533E-003
   3.2681704260651627        1.6727695250036323E-003
   3.2781954887218046        1.5107695651867701E-003
   3.2882205513784459        1.3633563725398902E-003
   3.2982456140350873        1.2293331901016950E-003
   3.3082706766917291        1.1075896154429251E-003
   3.3182957393483710        9.9709652189470871E-004
   3.3283208020050123        8.9690116904267913E-004
   3.3383458646616537        8.0612250623809717E-004
   3.3483709273182956        7.2394667147054339E-004
   3.3583959899749374        6.4962268666543901E-004
   3.3684210526315788        5.8245834931060897E-004
   3.3784461152882201        5.2181631927442171E-004
   3.3884711779448620        4.6711039874958746E-004
   3.3984962406015038        4.1780200243580980E-004
   3.4085213032581452        3.7339681435607467E-004
   3.4185463659147866        3.3344162707962122E-004
   3.4285714285714284        2.9752135859382946E-004
   3.4385964912280702        2.6525624162137846E-004
   3.4486215538847116        2.3629917981232940E-004
   3.4586466165413530        2.1033326494719880E-004
   3.4686716791979948        1.8706944906087545E-004
   3.4786967418546366        1.6624436523265815E-004
   3.4887218045112780        1.4761829067921355E-004
   3.4987468671679194        1.3097324572940768E-004
   3.5087719298245612        1.1611122224766682E-004
   3.5187969924812030        1.0285253510076803E-004
   3.5288220551378444        9.1034290326990662E-005
   3.5388471177944858        8.0508963762016830E-005
   3.5488721804511276        7.1143083998556882E-005
   3.5588972431077694        6.2816013702527858E-005
   3.5689223057644108        5.5418823474043393E-005
   3.5789473684210522        4.8853252623108706E-005
   3.5889724310776940        4.3030751424634009E-005
   3.5989974937343359        3.7871599622315122E-005
   3.6090225563909772        3.3304096163515801E-005
   3.6190476190476186        2.9263815365123612E-005
   3.6290726817042605        2.5692924931374374E-005
   3.6390977443609023        2.2539561466923517E-005
   3.6491228070175437        1.9757259350353050E-005
   3.6591478696741850        1.7304429053341008E-005
   3.6691729323308269        1.5143881207639330E-005
   3.6791979949874687        1.3242392934695536E-005
   3.6892230576441101        1.1570313160294462E-005
   3.6992481203007515        1.0101203838203727E-005
   3.7092731829573933        8.8115142018580770E-006
   3.7192982456140351        7.6802853510983540E-006
   3.7293233082706765        6.6888826615084562E-006
   3.7393483709273179        5.8207536766787719E-006
   3.7493734335839597        5.0612093085872160E-006
   3.7593984962406015        4.3972263281147397E-006
   3.7694235588972429        3.8172692764759476E-006
   3.7794486215538843        3.3111300690812445E-006
   3.7894736842105261        2.8697836961400630E-006
   3.7994987468671679        2.4852585493097020E-006
   3.8095238095238093        2.1505200210643394E-006
   3.8195488721804507        1.8593661334199367E-006
   3.8295739348370925        1.6063340554410710E-006
   3.8395989974937343        1.3866164648361564E-006
   3.8496240601503757        1.1959867981806332E-006
   3.8596491228070171        1.0307325170774441E-006
   3.8696741854636589        8.8759559347700352E-007
   3.8796992481203008        7.6371948263080834E-007
   3.8897243107769421        6.5660188472011474E-007
   3.8997493734335835        5.6405248684114071E-007
   3.9097744360902253        4.8415415031413389E-007
   3.9197994987468672        4.1522289083098473E-007
   3.9298245614035086        3.5575111766048836E-007
   3.9398496240601499        3.0428835236575522E-007
   3.9498746867167918        2.5915501716406650E-007
   3.9598997493734336        2.1784844716295367E-007
   3.9699248120300750        1.7622341285337549E-007
   3.9799498746867163        1.2838766840061735E-007
   3.9899749373433582        6.9263890031432495E-008
   4.0000000000000000        0.0000000000000000     
