   0.0000000000000000        1.1253517471925912E-007
   1.0025062656641603E-002   1.0039941313447738E-003
   2.0050125313283207E-002   2.0180481660111195E-003
   3.0075187969924810E-002   3.0423811653346837E-003
   4.0100250626566414E-002   4.0771008964749101E-003
   5.0125313283208017E-002   5.1223163816717272E-003
   6.0150375939849621E-002   6.1781379122303262E-003
   7.0175438596491224E-002   7.2446770623875428E-003
   8.0200501253132828E-002   8.3220467030374196E-003
   9.0225563909774431E-002   9.4103610152923064E-003
  0.10025062656641603        1.0509735503854579E-002
  0.11027568922305764        1.1620287010172686E-002
  0.12030075187969924        1.2742133725353908E-002
  0.13032581453634084        1.3875395202804744E-002
  0.14035087719298245        1.5020192370568368E-002
  0.15037593984962405        1.6176647543327087E-002
  0.16040100250626566        1.7344884434036121E-002
  0.17042606516290726        1.8525028165153414E-002
  0.18045112781954886        1.9717205279428461E-002
  0.19047619047619047        2.0921543750211453E-002
  0.20050125313283207        2.2138172991242135E-002
  0.21052631578947367        2.3367223865876023E-002
  0.22055137844611528        2.4608828695703640E-002
  0.23057644110275688        2.5863121268516490E-002
  0.24060150375939848        2.7130236845571400E-002
  0.25062656641604009        2.8410312168102837E-002
  0.26065162907268169        2.9703485463030616E-002
  0.27067669172932329        3.1009896447808171E-002
  0.28070175438596490        3.2329686334354325E-002
  0.29072681704260650        3.3662997832009128E-002
  0.30075187969924810        3.5009975149451977E-002
  0.31077694235588971        3.6370763995517648E-002
  0.32080200501253131        3.7745511578843503E-002
  0.33082706766917291        3.9134366606278420E-002
  0.34085213032581452        4.0537479279981366E-002
  0.35087719298245612        4.1955001293134890E-002
  0.36090225563909772        4.3387085824195919E-002
  0.37092731829573933        4.4833887529603503E-002
  0.38095238095238093        4.6295562534860168E-002
  0.39097744360902253        4.7772268423900685E-002
  0.40100250626566414        4.9264164226658927E-002
  0.41102756892230574        5.0771410404740445E-002
  0.42105263157894735        5.2294168835105390E-002
  0.43107769423558895        5.3832602791662965E-002
  0.44110275689223055        5.5386876924675588E-002
  0.45112781954887216        5.6957157237867512E-002
  0.46115288220551376        5.8543611063129435E-002
  0.47117794486215536        6.0146407032707024E-002
  0.48120300751879697        6.1765715048758156E-002
  0.49122807017543857        6.3401706250159909E-002
  0.50125313283208017        6.5054552976443039E-002
  0.51127819548872178        6.6724428728727997E-002
  0.52130325814536338        6.8411508127533036E-002
  0.53132832080200498        7.0115966867321508E-002
  0.54135338345864659        7.1837981667651304E-002
  0.55137844611528819        7.3577730220786564E-002
  0.56140350877192979        7.5335391135627330E-002
  0.57142857142857140        7.7111143877809887E-002
  0.58145363408521300        7.8905168705826131E-002
  0.59147869674185460        8.0717646603007426E-002
  0.60150375939849621        8.2548759205214234E-002
  0.61152882205513781        8.4398688724069484E-002
  0.62155388471177941        8.6267617865569829E-002
  0.63157894736842102        8.8155729743905786E-002
  0.64160401002506262        9.0063207790317873E-002
  0.65162907268170422        9.1990235656812636E-002
  0.66165413533834583        9.3936997114559051E-002
  0.67167919799498743        9.5903675946782646E-002
  0.68170426065162903        9.7890455835971057E-002
  0.69172932330827064        9.9897520245202348E-002
  0.70175438596491224       0.10192505229340371     
  0.71177944862155385       0.10397323462434578     
  0.72180451127819545       0.10604224926917515     
  0.73182957393483705       0.10813227750228455     
  0.74185463659147866       0.11024349969031845     
  0.75187969924812026       0.11237609513410941     
  0.76190476190476186       0.11453024190333817     
  0.77192982456140347       0.11670611666370929     
  0.78195488721804507       0.11890389449643224     
  0.79197994987468667       0.12112374870979659     
  0.80200501253132828       0.12336585064262923     
  0.81203007518796988       0.12563036945942047     
  0.82205513784461148       0.12791747193690578     
  0.83208020050125309       0.13022732224188982     
  0.84210526315789469       0.13256008170009978     
  0.85213032581453629       0.13491590855585558     
  0.86215538847117790       0.13729495772234609     
  0.87218045112781950       0.13969738052230149     
  0.88220551378446110       0.14212332441885425     
  0.89223057644110271       0.14457293273638402     
  0.90225563909774431       0.14704634437114436     
  0.91228070175438591       0.14954369349147265     
  0.92230576441102752       0.15206510922738989     
  0.93233082706766912       0.15461071534939985     
  0.94235588972431072       0.15718062993630499     
  0.95238095238095233       0.15977496503186028     
  0.96240601503759393       0.16239382629009455     
  0.97243107769423553       0.16503731260913571     
  0.98245614035087714       0.16770551575338491     
  0.99248120300751874       0.17039851996389357     
   1.0025062656641603       0.17311640155680716     
   1.0125313283208019       0.17585922850975094     
   1.0225563909774436       0.17862706003604398     
   1.0325814536340852       0.18141994614664081     
   1.0426065162907268       0.18423792719971399     
   1.0526315789473684       0.18708103343780516     
   1.0626566416040100       0.18994928451248796     
   1.0726817042606516       0.19284268899650350     
   1.0827067669172932       0.19576124388334659     
   1.0927318295739348       0.19870493407430068     
   1.1027568922305764       0.20167373185293863     
   1.1127819548872180       0.20466759634713014     
   1.1228070175438596       0.20768647297861714     
   1.1328320802005012       0.21073029290024473     
   1.1428571428571428       0.21379897242095922     
   1.1528822055137844       0.21689241241871318     
   1.1629072681704260       0.22001049774144457     
   1.1729323308270676       0.22315309659632743     
   1.1829573934837092       0.22632005992752263     
   1.1929824561403508       0.22951122078269037     
   1.2030075187969924       0.23272639366855971     
   1.2130325814536340       0.23596537389588662     
   1.2230576441102756       0.23922793691416960     
   1.2330827067669172       0.24251383763653056     
   1.2431077694235588       0.24582280975520918     
   1.2531328320802004       0.24915456504816152     
   1.2631578947368420       0.25250879267729709     
   1.2731829573934836       0.25588515847893412     
   1.2832080200501252       0.25928330424709978     
   1.2932330827067668       0.26270284701035074     
   1.3032581453634084       0.26614337830283941     
   1.3132832080200501       0.26960446343040451     
   1.3233082706766917       0.27308564073251496     
   1.3333333333333333       0.27658642084095453     
   1.3433583959899749       0.28010628593618858     
   1.3533834586466165       0.28364468900241391     
   1.3634085213032581       0.28720105308235044     
   1.3734335839598997       0.29077477053289580     
   1.3834586466165413       0.29436520228282470     
   1.3934837092731829       0.29797167709377881     
   1.4035087719298245       0.30159349082585779     
   1.4135338345864661       0.30522990570918662     
   1.4235588972431077       0.30888014962290145     
   1.4335839598997493       0.31254341538306368     
   1.4436090225563909       0.31621886004108041     
   1.4536340852130325       0.31990560419427716     
   1.4636591478696741       0.32360273131033923     
   1.4736842105263157       0.32730928706740670     
   1.4837092731829573       0.33102427871167944     
   1.4937343358395989       0.33474667443445599     
   1.5037593984962405       0.33847540277060184     
   1.5137844611528821       0.34220935202051173     
   1.5238095238095237       0.34594736969769796     
   1.5338345864661653       0.34968826200420550     
   1.5438596491228069       0.35343079333612276     
   1.5538847117794485       0.35717368582151987     
   1.5639097744360901       0.36091561889321211     
   1.5739348370927317       0.36465522889880864     
   1.5839598997493733       0.36839110875056458     
   1.5939849624060149       0.37212180761761499     
   1.6040100250626566       0.37584583066322119     
   1.6140350877192982       0.37956163882971394     
   1.6240601503759398       0.38326764867386470     
   1.6340852130325814       0.38696223225546184     
   1.6441102756892230       0.39064371708190782     
   1.6541353383458646       0.39431038611168928     
   1.6641604010025062       0.39796047781960420     
   1.6741854636591478       0.40159218632665261     
   1.6842105263157894       0.40520366159752014     
   1.6942355889724310       0.40879300970859422     
   1.7042606516290726       0.41235829318946071     
   1.7142857142857142       0.41589753144082786     
   1.7243107769423558       0.41940870123181623     
   1.7343358395989974       0.42288973727953671     
   1.7443609022556390       0.42633853291385421     
   1.7543859649122806       0.42975294083020016     
   1.7644110275689222       0.43313077393325478     
   1.7744360902255638       0.43646980627426585     
   1.7844611528822054       0.43976777408470608     
   1.7944862155388470       0.44302237690889934     
   1.8045112781954886       0.44623127883815655     
   1.8145363408521302       0.44939210984886729     
   1.8245614035087718       0.45250246724688020     
   1.8345864661654134       0.45555991722038541     
   1.8446115288220550       0.45856199650337343     
   1.8546365914786966       0.46150621415159848     
   1.8646616541353382       0.46439005343280837     
   1.8746867167919798       0.46721097383282750     
   1.8847117794486214       0.46996641317888749     
   1.8947368421052631       0.47265378988139173     
   1.9047619047619047       0.47527050529508069     
   1.9147869674185463       0.47781394620032686     
   1.9248120300751879       0.48028148740503518     
   1.9348370927318295       0.48267049446735932     
   1.9448621553884711       0.48497832653915840     
   1.9548872180451127       0.48720233932982204     
   1.9649122807017543       0.48933988818977625     
   1.9749373433583959       0.49138833131265364     
   1.9849624060150375       0.49334503305476696     
   1.9949874686716791       0.49520736737016458     
   2.0050125313283207       0.49697272135917331     
   2.0150375939849621       0.49863849892794659     
   2.0250626566416039       0.50020212455613144     
   2.0350877192982457       0.50166104716935656     
   2.0451127819548871       0.50301274411281471     
   2.0551378446115285       0.50425472522177439     
   2.0651629072681703       0.50538453698440811     
   2.0751879699248121       0.50639976679186272     
   2.0852130325814535       0.50729804727003514     
   2.0952380952380949       0.50807706068703573     
   2.1052631578947367       0.50873454342984736     
   2.1152882205513786       0.50926829054319922     
   2.1253132832080199       0.50967616032318630     
   2.1353383458646613       0.50995607895767670     
   2.1453634085213031       0.51010604520506064     
   2.1553884711779450       0.51012413510240395     
   2.1654135338345863       0.51000850669358944     
   2.1754385964912277       0.50975740476754883     
   2.1854636591478696       0.50936916559622369     
   2.1954887218045114       0.50884222166142934     
   2.2055137844611528       0.50817510635935670     
   2.2155388471177941       0.50736645867101082     
   2.2255639097744360       0.50641502778647907     
   2.2355889724310778       0.50531967767052310     
   2.2456140350877192       0.50407939155662829     
   2.2556390977443606       0.50269327635629102     
   2.2656641604010024       0.50116056697002209     
   2.2756892230576442       0.49948063048624997     
   2.2857142857142856       0.49765297025406852     
   2.2957393483709270       0.49567722981555357     
   2.3057644110275688       0.49355319668320885     
   2.3157894736842106       0.49128080594796480     
   2.3258145363408520       0.48886014370307523     
   2.3358395989974934       0.48629145026921822     
   2.3458646616541352       0.48357512320612178     
   2.3558897243107770       0.48071172009610363     
   2.3659147869674184       0.47770196108503787     
   2.3759398496240598       0.47454673116643958     
   2.3859649122807016       0.47124708219460415     
   2.3959899749373434       0.46780423461303661     
   2.4060150375939848       0.46421957888477439     
   2.4160401002506262       0.46049467661164051     
   2.4260651629072680       0.45663126132995857     
   2.4360902255639099       0.45263123897083141     
   2.4461152882205512       0.44849668797371472     
   2.4561403508771926       0.44422985904272450     
   2.4661654135338344       0.43983317453588328     
   2.4761904761904763       0.43530922747835693     
   2.4862155388471177       0.43066078019163689     
   2.4962406015037590       0.42589076253160041     
   2.5062656641604009       0.42100226972942284     
   2.5162907268170427       0.41599855983042089     
   2.5263157894736841       0.41088305072707304     
   2.5363408521303255       0.40565931678368794     
   2.5463659147869673       0.40033108505147624     
   2.5563909774436091       0.39490223107411515     
   2.5664160401002505       0.38937677428527773     
   2.5764411027568919       0.38375887300102801     
   2.5864661654135337       0.37805281901144816     
   2.5964912280701755       0.37226303177736775     
   2.6065162907268169       0.36639405223959104     
   2.6165413533834583       0.36045053624957363     
   2.6265664160401001       0.35443724763206230     
   2.6365914786967419       0.34835905089179159     
   2.6466165413533833       0.34222090357790574     
   2.6566416040100247       0.33602784832134502     
   2.6666666666666665       0.32978500456199289     
   2.6766917293233083       0.32349755998391433     
   2.6867167919799497       0.31717076167851799     
   2.6967418546365911       0.31080990705693945     
   2.7067669172932329       0.30442033453435924     
   2.7167919799498748       0.29800741401032560     
   2.7268170426065161       0.29157653717044751     
   2.7368421052631575       0.28513310763604144     
   2.7468671679197993       0.27868253098944873     
   2.7568922305764412       0.27223020470378667     
   2.7669172932330826       0.26578150800683781     
   2.7769423558897239       0.25934179170961746     
   2.7869674185463658       0.25291636803088030     
   2.7969924812030076       0.24651050044942099     
   2.8070175438596490       0.24012939361649210     
   2.8170426065162903       0.23377818336099196     
   2.8270676691729322       0.22746192682026295     
   2.8370927318295740       0.22118559272938462     
   2.8471177944862154       0.21495405190173353     
   2.8571428571428568       0.20877206793332220     
   2.8671679197994986       0.20264428816300509     
   2.8771929824561404       0.19657523492006312     
   2.8872180451127818       0.19056929708993975     
   2.8972431077694232       0.18463072202800176     
   2.9072681704260650       0.17876360785014653     
   2.9172932330827068       0.17297189612786354     
   2.9273182957393482       0.16725936501399713     
   2.9373433583959896       0.16162962282394608     
   2.9473684210526314       0.15608610209538401     
   2.9573934837092732       0.15063205414779632     
   2.9674185463659146       0.14527054416121221     
   2.9774436090225560       0.14000444679147764     
   2.9874686716791978       0.13483644233726716     
   2.9974937343358397       0.12976901347179240     
   3.0075187969924810       0.12480444254982880     
   3.0175438596491224       0.11994480949827953     
   3.0275689223057642       0.11519199029602480     
   3.0375939849624061       0.11054765604628608     
   3.0476190476190474       0.10601327264218469     
   3.0576441102756888       0.10159010102360172     
   3.0676691729323307        9.7279198020870455E-002
   3.0776942355889725        9.3081417778268782E-002
   3.0877192982456139        8.8997413747740436E-002
   3.0977443609022552        8.5027641240778343E-002
   3.1077694235588971        8.1172360523966591E-002
   3.1177944862155389        7.7431640441312552E-002
   3.1278195488721803        7.3805362544224665E-002
   3.1378446115288217        7.0293225707818666E-002
   3.1478696741854635        6.6894751210178377E-002
   3.1578947368421053        6.3609288249270673E-002
   3.1679197994987467        6.0436019870430138E-002
   3.1779448621553881        5.7373969275700258E-002
   3.1879699248120299        5.4422006484850620E-002
   3.1979949874686717        5.1578855316599399E-002
   3.2080200501253131        4.8843100657459781E-002
   3.2180451127819545        4.6213195984707856E-002
   3.2280701754385963        4.3687471109242218E-002
   3.2380952380952381        4.1264140103576270E-002
   3.2481203007518795        3.8941309379875305E-002
   3.2581453634085209        3.6716985882823454E-002
   3.2681704260651627        3.4589085362178848E-002
   3.2781954887218046        3.2555440690148575E-002
   3.2882205513784459        3.0613810189182362E-002
   3.2982456140350873        2.8761885936443035E-002
   3.3082706766917291        2.6997302012054025E-002
   3.3182957393483710        2.5317642659242655E-002
   3.3283208020050123        2.3720450325683776E-002
   3.3383458646616537        2.2203233556690460E-002
   3.3483709273182956        2.0763474712386147E-002
   3.3583959899749374        1.9398637482612866E-002
   3.3684210526315788        1.8106174175069680E-002
   3.3784461152882201        1.6883532754020492E-002
   3.3884711779448620        1.5728163608845432E-002
   3.3984962406015038        1.4637526033720323E-002
   3.4085213032581452        1.3609094401778656E-002
   3.4185463659147866        1.2640364019223419E-002
   3.4285714285714284        1.1728856646997294E-002
   3.4385964912280702        1.0872125679772226E-002
   3.4486215538847116        1.0067760974167969E-002
   3.4586466165413530        9.3133933202389427E-003
   3.4686716791979948        8.6066985523641469E-003
   3.4786967418546366        7.9454012977223810E-003
   3.4887218045112780        7.3272783625211004E-003
   3.4987468671679194        6.7501617580589439E-003
   3.5087719298245612        6.2119413705284902E-003
   3.5187969924812030        5.7105672801956268E-003
   3.5288220551378444        5.2440517372164602E-003
   3.5388471177944858        4.8104708028630858E-003
   3.5488721804511276        4.4079656663190163E-003
   3.5588972431077694        4.0347436484676974E-003
   3.5689223057644108        3.6890789052288174E-003
   3.5789473684210522        3.3693128439936651E-003
   3.5889724310776940        3.0738542675707147E-003
   3.5989974937343359        2.8011792607748939E-003
   3.6090225563909772        2.5498308353791559E-003
   3.6190476190476186        2.3184183495964018E-003
   3.6290726817042605        2.1056167185760674E-003
   3.6390977443609023        1.9101654325863213E-003
   3.6491228070175437        1.7308673996142430E-003
   3.6591478696741850        1.5665876290578079E-003
   3.6691729323308269        1.4162517730108555E-003
   3.6791979949874687        1.2788445413621401E-003
   3.6892230576441101        1.1534080065487822E-003
   3.6992481203007515        1.0390398133306377E-003
   3.7092731829573933        9.3489130839254683E-004
   3.7192982456140351        8.4016560394404520E-004
   3.7293233082706765        7.5411558877844589E-004
   3.7393483709273179        6.7604189948287409E-004
   3.7493734335839597        6.0529086366505611E-004
   3.7593984962406015        5.4125242618837668E-004
   3.7694235588972429        4.8335806849027311E-004
   3.7794486215538843        4.3107873010619202E-004
   3.7894736842105261        3.8392274053710432E-004
   3.7994987468671679        3.4143376858706257E-004
   3.8095238095238093        3.0318879526168308E-004
   3.8195488721804507        2.6879611526074021E-004
   3.8295739348370925        2.3789337101914071E-004
   3.8395989974937343        2.1014562214985655E-004
   3.8496240601503757        1.8524345201796603E-004
   3.8596491228070171        1.6290111202320795E-004
   3.8696741854636589        1.4285470298408827E-004
   3.8796992481203008        1.2486039179242551E-004
   3.8897243107769421        1.0869266023408086E-004
   3.8997493734335835        9.4142581538120130E-005
   3.9097744360902253        8.1016118809068105E-005
   3.9197994987468672        6.9132437998952254E-005
   3.9298245614035086        5.8322226468483122E-005
   3.9398496240601499        4.8426006447986866E-005
   3.9498746867167918        3.9292430813418511E-005
   3.9598997493734336        3.0776546512329306E-005
   3.9699248120300750        2.2738008676741598E-005
   3.9799498746867163        1.5039225908256382E-005
   3.9899749373433582        7.5434143749408091E-006
   4.0000000000000000        1.1253517471925912E-007
