# 400       -0.206167  -0.206058  -0.068131  -0.061572   0.024993   0.074103   0.149847   0.231371   0.321405   0.418361
  -0.69071   -0.00001    0.00001   -0.00003    0.00004    0.00005   -0.00008    0.00012   -0.00018    0.00026   -0.00037
  -0.68898   -0.00003    0.00003   -0.00006    0.00007    0.00010   -0.00016    0.00024   -0.00035    0.00051   -0.00073
  -0.68725   -0.00004    0.00004   -0.00010    0.00011    0.00015   -0.00024    0.00036   -0.00053    0.00077   -0.00110
  -0.68552   -0.00006    0.00006   -0.00013    0.00015    0.00020   -0.00032    0.00048   -0.00071    0.00104   -0.00148
  -0.68378   -0.00007    0.00007   -0.00016    0.00019    0.00025   -0.00040    0.00060   -0.00089    0.00130   -0.00186
  -0.68205   -0.00008    0.00008   -0.00020    0.00023    0.00031   -0.00049    0.00072   -0.00108    0.00157   -0.00224
  -0.68032   -0.00010    0.00010   -0.00023    0.00027    0.00036   -0.00058    0.00085   -0.00127    0.00185   -0.00263
  -0.67859   -0.00011    0.00012   -0.00027    0.00031    0.00042   -0.00066    0.00098   -0.00146    0.00213   -0.00303
  -0.67686   -0.00013    0.00013   -0.00031    0.00035    0.00047   -0.00076    0.00112   -0.00166    0.00242   -0.00343
  -0.67513   -0.00015    0.00015   -0.00035    0.00039    0.00053   -0.00085    0.00126   -0.00187    0.00271   -0.00385
  -0.67340   -0.00017    0.00017   -0.00039    0.00044    0.00060   -0.00095    0.00140   -0.00208    0.00302   -0.00428
  -0.67167   -0.00018    0.00018   -0.00043    0.00049    0.00066   -0.00105    0.00155   -0.00230    0.00333   -0.00471
  -0.66994   -0.00020    0.00020   -0.00048    0.00054    0.00073   -0.00116    0.00170   -0.00252    0.00365   -0.00516
  -0.66820   -0.00022    0.00022   -0.00052    0.00059    0.00080   -0.00127    0.00186   -0.00276    0.00398   -0.00562
  -0.66647   -0.00024    0.00025   -0.00057    0.00065    0.00087   -0.00138    0.00203   -0.00300    0.00433   -0.00610
  -0.66474   -0.00027    0.00027   -0.00062    0.00070    0.00095   -0.00150    0.00220   -0.00325    0.00468   -0.00659
  -0.66301   -0.00029    0.00029   -0.00067    0.00076    0.00102   -0.00162    0.00238   -0.00351    0.00505   -0.00709
  -0.66128   -0.00032    0.00032   -0.00073    0.00083    0.00111   -0.00175    0.00256   -0.00378    0.00542   -0.00761
  -0.65955   -0.00034    0.00034   -0.00079    0.00089    0.00119   -0.00189    0.00276   -0.00406    0.00581   -0.00814
  -0.65782   -0.00037    0.00037   -0.00085    0.00096    0.00128   -0.00203    0.00296   -0.00435    0.00622   -0.00869
  -0.65609   -0.00040    0.00040   -0.00091    0.00103    0.00138   -0.00218    0.00317   -0.00465    0.00664   -0.00925
  -0.65436   -0.00043    0.00043   -0.00098    0.00111    0.00148   -0.00233    0.00339   -0.00496    0.00707   -0.00983
  -0.65262   -0.00046    0.00046   -0.00105    0.00119    0.00158   -0.00249    0.00362   -0.00528    0.00752   -0.01043
  -0.65089   -0.00049    0.00050   -0.00113    0.00127    0.00169   -0.00266    0.00386   -0.00562    0.00798   -0.01105
  -0.64916   -0.00053    0.00053   -0.00121    0.00136    0.00181   -0.00284    0.00410   -0.00597    0.00846   -0.01169
  -0.64743   -0.00057    0.00057   -0.00129    0.00146    0.00192   -0.00302    0.00436   -0.00633    0.00895   -0.01234
  -0.64570   -0.00061    0.00061   -0.00138    0.00155    0.00205   -0.00321    0.00463   -0.00671    0.00946   -0.01301
  -0.64397   -0.00065    0.00065   -0.00147    0.00165    0.00218   -0.00341    0.00491   -0.00710    0.00999   -0.01370
  -0.64224   -0.00070    0.00070   -0.00156    0.00176    0.00232   -0.00362    0.00520   -0.00751    0.01053   -0.01441
  -0.64051   -0.00074    0.00075   -0.00166    0.00188    0.00246   -0.00384    0.00550   -0.00793    0.01110   -0.01513
  -0.63878   -0.00079    0.00080   -0.00177    0.00199    0.00261   -0.00407    0.00582   -0.00836    0.01167   -0.01587
  -0.63704   -0.00085    0.00085   -0.00188    0.00212    0.00276   -0.00431    0.00614   -0.00881    0.01227   -0.01664
  -0.63531   -0.00090    0.00090   -0.00199    0.00225    0.00293   -0.00455    0.00648   -0.00927    0.01288   -0.01742
  -0.63358   -0.00096    0.00096   -0.00211    0.00238    0.00310   -0.00481    0.00684   -0.00976    0.01351   -0.01822
  -0.63185   -0.00102    0.00102   -0.00224    0.00252    0.00327   -0.00508    0.00720   -0.01025    0.01416   -0.01903
  -0.63012   -0.00108    0.00109   -0.00237    0.00267    0.00346   -0.00536    0.00758   -0.01076    0.01483   -0.01986
  -0.62839   -0.00115    0.00116   -0.00251    0.00283    0.00365   -0.00565    0.00797   -0.01129    0.01551   -0.02071
  -0.62666   -0.00122    0.00123   -0.00265    0.00299    0.00385   -0.00595    0.00838   -0.01184    0.01621   -0.02158
  -0.62493   -0.00130    0.00130   -0.00281    0.00316    0.00406   -0.00626    0.00880   -0.01240    0.01693   -0.02246
  -0.62320   -0.00138    0.00138   -0.00296    0.00334    0.00428   -0.00659    0.00923   -0.01298    0.01767   -0.02336
  -0.62146   -0.00146    0.00146   -0.00313    0.00353    0.00450   -0.00693    0.00968   -0.01357    0.01842   -0.02427
  -0.61973   -0.00154    0.00155   -0.00330    0.00372    0.00474   -0.00727    0.01015   -0.01418    0.01919   -0.02519
  -0.61800   -0.00164    0.00164   -0.00348    0.00392    0.00498   -0.00764    0.01062   -0.01481    0.01998   -0.02613
  -0.61627   -0.00173    0.00174   -0.00367    0.00413    0.00523   -0.00801    0.01112   -0.01546    0.02078   -0.02708
  -0.61454   -0.00183    0.00184   -0.00386    0.00435    0.00549   -0.00840    0.01163   -0.01612    0.02160   -0.02804
  -0.61281   -0.00193    0.00194   -0.00407    0.00458    0.00577   -0.00880    0.01215   -0.01679    0.02243   -0.02901
  -0.61108   -0.00204    0.00205   -0.00428    0.00481    0.00605   -0.00921    0.01269   -0.01749    0.02327   -0.02998
  -0.60935   -0.00216    0.00217   -0.00450    0.00506    0.00634   -0.00964    0.01324   -0.01820    0.02413   -0.03097
  -0.60762   -0.00228    0.00228   -0.00473    0.00531    0.00664   -0.01008    0.01381   -0.01892    0.02500   -0.03196
  -0.60589   -0.00240    0.00241   -0.00496    0.00558    0.00695   -0.01054    0.01439   -0.01966    0.02589   -0.03295
  -0.60415   -0.00253    0.00254   -0.00521    0.00586    0.00727   -0.01101    0.01499   -0.02041    0.02678   -0.03395
  -0.60242   -0.00267    0.00268   -0.00546    0.00614    0.00761   -0.01149    0.01561   -0.02118    0.02769   -0.03494
  -0.60069   -0.00281    0.00282   -0.00573    0.00644    0.00795   -0.01199    0.01623   -0.02196    0.02860   -0.03594
  -0.59896   -0.00296    0.00297   -0.00600    0.00674    0.00830   -0.01250    0.01688   -0.02276    0.02952   -0.03694
  -0.59723   -0.00311    0.00312   -0.00629    0.00706    0.00867   -0.01302    0.01753   -0.02356    0.03045   -0.03793
  -0.59550   -0.00327    0.00328   -0.00658    0.00739    0.00904   -0.01356    0.01820   -0.02438    0.03139   -0.03891
  -0.59377   -0.00344    0.00345   -0.00689    0.00773    0.00943   -0.01411    0.01889   -0.02521    0.03233   -0.03988
  -0.59204   -0.00361    0.00363   -0.00720    0.00808    0.00982   -0.01468    0.01959   -0.02605    0.03327   -0.04085
  -0.59031   -0.00379    0.00381   -0.00752    0.00844    0.01023   -0.01525    0.02030   -0.02691    0.03421   -0.04180
  -0.58857   -0.00398    0.00400   -0.00786    0.00882    0.01065   -0.01585    0.02102   -0.02776    0.03515   -0.04274
  -0.58684   -0.00418    0.00419   -0.00820    0.00920    0.01108   -0.01645    0.02175   -0.02863    0.03609   -0.04367
  -0.58511   -0.00438    0.00440   -0.00856    0.00960    0.01152   -0.01707    0.02250   -0.02951    0.03703   -0.04457
  -0.58338   -0.00459    0.00461   -0.00893    0.01001    0.01197   -0.01770    0.02326   -0.03038    0.03797   -0.04545
  -0.58165   -0.00481    0.00483   -0.00930    0.01043    0.01243   -0.01835    0.02403   -0.03127    0.03889   -0.04631
  -0.57992   -0.00504    0.00505   -0.00969    0.01086    0.01290   -0.01901    0.02480   -0.03216    0.03981   -0.04714
  -0.57819   -0.00527    0.00529   -0.01009    0.01131    0.01338   -0.01967    0.02559   -0.03305    0.04072   -0.04795
  -0.57646   -0.00551    0.00553   -0.01050    0.01176    0.01387   -0.02035    0.02638   -0.03394    0.04162   -0.04872
  -0.57473   -0.00577    0.00579   -0.01093    0.01223    0.01437   -0.02105    0.02718   -0.03483    0.04250   -0.04946
  -0.57299   -0.00603    0.00605   -0.01136    0.01271    0.01489   -0.02175    0.02799   -0.03571    0.04337   -0.05017
  -0.57126   -0.00630    0.00632   -0.01180    0.01321    0.01541   -0.02246    0.02881   -0.03660    0.04422   -0.05084
  -0.56953   -0.00657    0.00660   -0.01226    0.01371    0.01594   -0.02318    0.02962   -0.03748    0.04505   -0.05147
  -0.56780   -0.00686    0.00688   -0.01273    0.01423    0.01648   -0.02391    0.03045   -0.03835    0.04586   -0.05205
  -0.56607   -0.00716    0.00718   -0.01320    0.01476    0.01703   -0.02465    0.03127   -0.03922    0.04664   -0.05259
  -0.56434   -0.00746    0.00749   -0.01369    0.01530    0.01758   -0.02540    0.03210   -0.04008    0.04740   -0.05308
  -0.56261   -0.00778    0.00781   -0.01419    0.01585    0.01815   -0.02616    0.03292   -0.04092    0.04813   -0.05352
  -0.56088   -0.00810    0.00813   -0.01470    0.01642    0.01872   -0.02692    0.03375   -0.04176    0.04883   -0.05391
  -0.55915   -0.00844    0.00847   -0.01522    0.01700    0.01930   -0.02769    0.03458   -0.04258    0.04950   -0.05425
  -0.55741   -0.00878    0.00881   -0.01575    0.01758    0.01989   -0.02846    0.03540   -0.04338    0.05013   -0.05452
  -0.55568   -0.00914    0.00917   -0.01629    0.01818    0.02048   -0.02924    0.03621   -0.04416    0.05072   -0.05474
  -0.55395   -0.00951    0.00954   -0.01684    0.01879    0.02108   -0.03002    0.03702   -0.04493    0.05128   -0.05490
  -0.55222   -0.00988    0.00991   -0.01740    0.01941    0.02169   -0.03080    0.03783   -0.04567    0.05179   -0.05500
  -0.55049   -0.01027    0.01030   -0.01798    0.02004    0.02230   -0.03158    0.03862   -0.04639    0.05226   -0.05503
  -0.54876   -0.01066    0.01070   -0.01856    0.02068    0.02291   -0.03237    0.03941   -0.04708    0.05269   -0.05499
  -0.54703   -0.01107    0.01111   -0.01914    0.02133    0.02353   -0.03315    0.04018   -0.04775    0.05307   -0.05488
  -0.54530   -0.01149    0.01153   -0.01974    0.02199    0.02415   -0.03393    0.04095   -0.04839    0.05340   -0.05471
  -0.54357   -0.01192    0.01196   -0.02035    0.02266    0.02477   -0.03471    0.04169   -0.04900    0.05368   -0.05446
  -0.54183   -0.01235    0.01240   -0.02096    0.02334    0.02539   -0.03549    0.04242   -0.04957    0.05390   -0.05414
  -0.54010   -0.01280    0.01285   -0.02159    0.02402    0.02602   -0.03626    0.04314   -0.05011    0.05407   -0.05375
  -0.53837   -0.01326    0.01331   -0.02222    0.02472    0.02665   -0.03702    0.04384   -0.05062    0.05419   -0.05328
  -0.53664   -0.01373    0.01378   -0.02285    0.02542    0.02727   -0.03778    0.04451   -0.05108    0.05424   -0.05274
  -0.53491   -0.01422    0.01426   -0.02350    0.02612    0.02789   -0.03853    0.04516   -0.05151    0.05424   -0.05212
  -0.53318   -0.01471    0.01476   -0.02415    0.02684    0.02852   -0.03927    0.04579   -0.05189    0.05417   -0.05142
  -0.53145   -0.01521    0.01526   -0.02480    0.02755    0.02914   -0.04000    0.04640   -0.05223    0.05404   -0.05065
  -0.52972   -0.01572    0.01578   -0.02546    0.02828    0.02975   -0.04071    0.04698   -0.05253    0.05385   -0.04980
  -0.52799   -0.01625    0.01630   -0.02613    0.02900    0.03036   -0.04142    0.04753   -0.05277    0.05359   -0.04887
  -0.52625   -0.01678    0.01684   -0.02679    0.02974    0.03097   -0.04211    0.04805   -0.05297    0.05327   -0.04786
  -0.52452   -0.01733    0.01738   -0.02747    0.03047    0.03157   -0.04278    0.04854   -0.05312    0.05288   -0.04678
  -0.52279   -0.01788    0.01794   -0.02814    0.03121    0.03216   -0.04343    0.04899   -0.05322    0.05242   -0.04562
  -0.52106   -0.01845    0.01851   -0.02882    0.03194    0.03274   -0.04407    0.04942   -0.05327    0.05189   -0.04438
  -0.51933   -0.01902    0.01908   -0.02950    0.03268    0.03331   -0.04469    0.04980   -0.05326    0.05129   -0.04307
  -0.51760   -0.01961    0.01967   -0.03018    0.03342    0.03388   -0.04528    0.05015   -0.05320    0.05063   -0.04169
  -0.51587   -0.02020    0.02027   -0.03085    0.03416    0.03443   -0.04586    0.05046   -0.05308    0.04989   -0.04023
  -0.51414   -0.02081    0.02087   -0.03153    0.03490    0.03497   -0.04640    0.05073   -0.05290    0.04908   -0.03870
  -0.51241   -0.02142    0.02149   -0.03221    0.03564    0.03550   -0.04693    0.05096   -0.05266    0.04820   -0.03711
  -0.51067   -0.02204    0.02211   -0.03289    0.03637    0.03601   -0.04742    0.05115   -0.05237    0.04726   -0.03545
  -0.50894   -0.02267    0.02275   -0.03356    0.03710    0.03651   -0.04789    0.05129   -0.05201    0.04624   -0.03372
  -0.50721   -0.02332    0.02339   -0.03423    0.03782    0.03700   -0.04833    0.05139   -0.05160    0.04515   -0.03193
  -0.50548   -0.02396    0.02404   -0.03490    0.03854    0.03746   -0.04874    0.05144   -0.05112    0.04400   -0.03009
  -0.50375   -0.02462    0.02470   -0.03556    0.03925    0.03791   -0.04912    0.05144   -0.05058    0.04278   -0.02818
  -0.50202   -0.02529    0.02537   -0.03621    0.03996    0.03834   -0.04946    0.05140   -0.04998    0.04149   -0.02623
  -0.50029   -0.02596    0.02605   -0.03686    0.04065    0.03875   -0.04977    0.05130   -0.04931    0.04014   -0.02422
  -0.49856   -0.02664    0.02673   -0.03750    0.04134    0.03914   -0.05005    0.05116   -0.04859    0.03872   -0.02216
  -0.49683   -0.02733    0.02742   -0.03813    0.04202    0.03951   -0.05028    0.05096   -0.04780    0.03724   -0.02007
  -0.49509   -0.02803    0.02812   -0.03875    0.04268    0.03985   -0.05049    0.05071   -0.04694    0.03570   -0.01793
  -0.49336   -0.02873    0.02882   -0.03937    0.04334    0.04018   -0.05065    0.05041   -0.04603    0.03410   -0.01576
  -0.49163   -0.02944    0.02953   -0.03997    0.04398    0.04047   -0.05077    0.05006   -0.04505    0.03245   -0.01355
  -0.48990   -0.03015    0.03025   -0.04056    0.04460    0.04075   -0.05085    0.04966   -0.04402    0.03074   -0.01132
  -0.48817   -0.03087    0.03097   -0.04114    0.04522    0.04099   -0.05089    0.04920   -0.04292    0.02897   -0.00906
  -0.48644   -0.03160    0.03170   -0.04170    0.04581    0.04121   -0.05089    0.04868   -0.04176    0.02716   -0.00679
  -0.48471   -0.03233    0.03243   -0.04225    0.04639    0.04140   -0.05085    0.04811   -0.04054    0.02530   -0.00450
  -0.48298   -0.03306    0.03316   -0.04279    0.04696    0.04156   -0.05076    0.04749   -0.03927    0.02340   -0.00220
  -0.48125   -0.03380    0.03390   -0.04331    0.04750    0.04170   -0.05062    0.04681   -0.03794    0.02146    0.00010
  -0.47951   -0.03454    0.03465   -0.04381    0.04802    0.04180   -0.05044    0.04608   -0.03655    0.01947    0.00240
  -0.47778   -0.03528    0.03539   -0.04429    0.04853    0.04187   -0.05022    0.04529   -0.03511    0.01746    0.00470
  -0.47605   -0.03603    0.03614   -0.04476    0.04901    0.04191   -0.04995    0.04445   -0.03362    0.01541    0.00698
  -0.47432   -0.03678    0.03690   -0.04521    0.04947    0.04192   -0.04963    0.04355   -0.03207    0.01333    0.00926
  -0.47259   -0.03753    0.03765   -0.04563    0.04990    0.04190   -0.04926    0.04260   -0.03048    0.01123    0.01151
  -0.47086   -0.03828    0.03840   -0.04604    0.05032    0.04184   -0.04885    0.04160   -0.02884    0.00911    0.01373
  -0.46913   -0.03904    0.03916   -0.04643    0.05071    0.04175   -0.04839    0.04055   -0.02716    0.00697    0.01593
  -0.46740   -0.03979    0.03991   -0.04679    0.05107    0.04163   -0.04788    0.03945   -0.02544    0.00482    0.01809
  -0.46567   -0.04054    0.04067   -0.04713    0.05140    0.04147   -0.04732    0.03829   -0.02367    0.00266    0.02021
  -0.46393   -0.04130    0.04142   -0.04744    0.05171    0.04128   -0.04672    0.03709   -0.02187    0.00049    0.02229
  -0.46220   -0.04205    0.04218   -0.04773    0.05199    0.04105   -0.04607    0.03584   -0.02004   -0.00168    0.02431
  -0.46047   -0.04280    0.04293   -0.04800    0.05224    0.04078   -0.04536    0.03454   -0.01817   -0.00384    0.02628
  -0.45874   -0.04355    0.04368   -0.04823    0.05246    0.04049   -0.04462    0.03320   -0.01627   -0.00600    0.02819
  -0.45701   -0.04429    0.04443   -0.04845    0.05266    0.04015   -0.04382    0.03181   -0.01435   -0.00814    0.03003
  -0.45528   -0.04503    0.04517   -0.04863    0.05282    0.03978   -0.04298    0.03038   -0.01240   -0.01027    0.03181
  -0.45355   -0.04577    0.04591   -0.04879    0.05295    0.03937   -0.04209    0.02890   -0.01043   -0.01238    0.03351
  -0.45182   -0.04650    0.04664   -0.04891    0.05304    0.03893   -0.04115    0.02739   -0.00845   -0.01447    0.03514
  -0.45009   -0.04723    0.04738   -0.04901    0.05311    0.03845   -0.04017    0.02584   -0.00645   -0.01652    0.03668
  -0.44835   -0.04796    0.04810   -0.04908    0.05314    0.03793   -0.03915    0.02426   -0.00444   -0.01854    0.03814
  -0.44662   -0.04867    0.04882   -0.04912    0.05313    0.03738   -0.03808    0.02264   -0.00242   -0.02053    0.03951
  -0.44489   -0.04939    0.04953   -0.04913    0.05310    0.03679   -0.03697    0.02099   -0.00040   -0.02247    0.04078
  -0.44316   -0.05009    0.05024   -0.04911    0.05302    0.03617   -0.03581    0.01931    0.00162   -0.02437    0.04196
  -0.44143   -0.05079    0.05094   -0.04906    0.05292    0.03551   -0.03462    0.01761    0.00364   -0.02622    0.04304
  -0.43970   -0.05148    0.05163   -0.04897    0.05277    0.03482   -0.03338    0.01587    0.00566   -0.02802    0.04402
  -0.43797   -0.05216    0.05231   -0.04885    0.05260    0.03409   -0.03211    0.01412    0.00766   -0.02976    0.04489
  -0.43624   -0.05283    0.05299   -0.04870    0.05238    0.03333   -0.03080    0.01234    0.00965   -0.03144    0.04565
  -0.43451   -0.05350    0.05365   -0.04852    0.05213    0.03254   -0.02945    0.01055    0.01162   -0.03305    0.04630
  -0.43278   -0.05415    0.05431   -0.04831    0.05184    0.03171   -0.02807    0.00874    0.01357   -0.03459    0.04685
  -0.43104   -0.05479    0.05495   -0.04806    0.05152    0.03085   -0.02665    0.00692    0.01550   -0.03607    0.04728
  -0.42931   -0.05543    0.05559   -0.04778    0.05116    0.02996   -0.02521    0.00509    0.01741   -0.03747    0.04759
  -0.42758   -0.05605    0.05621   -0.04747    0.05076    0.02904   -0.02373    0.00325    0.01928   -0.03879    0.04779
  -0.42585   -0.05666    0.05682   -0.04712    0.05033    0.02809   -0.02222    0.00141    0.02111   -0.04003    0.04787
  -0.42412   -0.05725    0.05742   -0.04674    0.04986    0.02711   -0.02069   -0.00044    0.02291   -0.04118    0.04784
  -0.42239   -0.05784    0.05801   -0.04632    0.04935    0.02610   -0.01913   -0.00228    0.02467   -0.04225    0.04769
  -0.42066   -0.05841    0.05858   -0.04588    0.04881    0.02506   -0.01755   -0.00412    0.02639   -0.04323    0.04742
  -0.41893   -0.05897    0.05914   -0.04540    0.04823    0.02400   -0.01595   -0.00596    0.02806   -0.04412    0.04703
  -0.41720   -0.05952    0.05968   -0.04488    0.04761    0.02291   -0.01432   -0.00778    0.02967   -0.04492    0.04653
  -0.41546   -0.06005    0.06022   -0.04434    0.04696    0.02180   -0.01268   -0.00960    0.03124   -0.04562    0.04592
  -0.41373   -0.06056    0.06073   -0.04376    0.04627    0.02067   -0.01103   -0.01140    0.03275   -0.04622    0.04519
  -0.41200   -0.06106    0.06123   -0.04315    0.04555    0.01951   -0.00936   -0.01318    0.03419   -0.04673    0.04435
  -0.41027   -0.06155    0.06172   -0.04251    0.04479    0.01833   -0.00767   -0.01494    0.03558   -0.04713    0.04340
  -0.40854   -0.06202    0.06219   -0.04183    0.04400    0.01713   -0.00598   -0.01668    0.03690   -0.04744    0.04234
  -0.40681   -0.06248    0.06265   -0.04113    0.04318    0.01592   -0.00428   -0.01840    0.03816   -0.04764    0.04118
  -0.40508   -0.06291    0.06309   -0.04039    0.04232    0.01468   -0.00258   -0.02008    0.03934   -0.04774    0.03992
  -0.40335   -0.06334    0.06351   -0.03962    0.04142    0.01343   -0.00087   -0.02174    0.04046   -0.04774    0.03855
  -0.40162   -0.06374    0.06391   -0.03883    0.04050    0.01217    0.00084   -0.02336    0.04150   -0.04764    0.03709
  -0.39988   -0.06413    0.06430   -0.03800    0.03954    0.01089    0.00255   -0.02495    0.04246   -0.04743    0.03554
  -0.39815   -0.06450    0.06467   -0.03715    0.03855    0.00960    0.00425   -0.02649    0.04335   -0.04712    0.03390
  -0.39642   -0.06485    0.06502   -0.03626    0.03754    0.00830    0.00595   -0.02800    0.04416   -0.04672    0.03217
  -0.39469   -0.06519    0.06536   -0.03535    0.03649    0.00699    0.00764   -0.02946    0.04488   -0.04621    0.03036
  -0.39296   -0.06550    0.06568   -0.03441    0.03541    0.00567    0.00932   -0.03088    0.04553   -0.04560    0.02848
  -0.39123   -0.06580    0.06598   -0.03345    0.03431    0.00435    0.01099   -0.03225    0.04609   -0.04489    0.02653
  -0.38950   -0.06608    0.06626   -0.03245    0.03318    0.00302    0.01265   -0.03357    0.04656   -0.04408    0.02451
  -0.38777   -0.06634    0.06652   -0.03144    0.03202    0.00169    0.01429   -0.03484    0.04695   -0.04318    0.02242
  -0.38604   -0.06659    0.06676   -0.03040    0.03083    0.00036    0.01591   -0.03606    0.04725   -0.04219    0.02028
  -0.38430   -0.06681    0.06698   -0.02933    0.02963   -0.00098    0.01751   -0.03722    0.04747   -0.04111    0.01810
  -0.38257   -0.06702    0.06719   -0.02825    0.02839   -0.00231    0.01909   -0.03832    0.04760   -0.03993    0.01586
  -0.38084   -0.06721    0.06738   -0.02714    0.02714   -0.00364    0.02064   -0.03936    0.04764   -0.03867    0.01359
  -0.37911   -0.06737    0.06754   -0.02601    0.02586   -0.00496    0.02217   -0.04034    0.04759   -0.03733    0.01128
  -0.37738   -0.06752    0.06769   -0.02486    0.02457   -0.00629    0.02367   -0.04126    0.04746   -0.03590    0.00894
  -0.37565   -0.06765    0.06782   -0.02369    0.02325   -0.00760    0.02514   -0.04211    0.04724   -0.03440    0.00658
  -0.37392   -0.06776    0.06793   -0.02250    0.02191   -0.00890    0.02658   -0.04290    0.04693   -0.03283    0.00421
  -0.37219   -0.06786    0.06802   -0.02130    0.02056   -0.01020    0.02798   -0.04362    0.04653   -0.03118    0.00182
  -0.37046   -0.06793    0.06809   -0.02008    0.01919   -0.01148    0.02935   -0.04427    0.04605   -0.02946   -0.00057
  -0.36872   -0.06798    0.06815   -0.01884    0.01781   -0.01275    0.03067   -0.04486    0.04549   -0.02769   -0.00296
  -0.36699   -0.06802    0.06818   -0.01759    0.01641   -0.01401    0.03196   -0.04538    0.04484   -0.02585   -0.00534
  -0.36526   -0.06803    0.06819   -0.01632    0.01500   -0.01525    0.03321   -0.04582    0.04411   -0.02395   -0.00771
  -0.36353   -0.06803    0.06819   -0.01505    0.01358   -0.01648    0.03442   -0.04620    0.04329   -0.02201   -0.01006
  -0.36180   -0.06801    0.06817   -0.01376    0.01214   -0.01769    0.03558   -0.04650    0.04240   -0.02001   -0.01239
  -0.36007   -0.06797    0.06813   -0.01246    0.01070   -0.01887    0.03670   -0.04673    0.04143   -0.01798   -0.01468
  -0.35834   -0.06791    0.06806   -0.01115    0.00925   -0.02004    0.03777   -0.04689    0.04039   -0.01590   -0.01693
  -0.35661   -0.06783    0.06799   -0.00983    0.00779   -0.02119    0.03880   -0.04698    0.03927   -0.01379   -0.01915
  -0.35488   -0.06774    0.06789   -0.00851    0.00632   -0.02231    0.03977   -0.04700    0.03808   -0.01166   -0.02132
  -0.35314   -0.06762    0.06777   -0.00718    0.00485   -0.02341    0.04069   -0.04694    0.03681   -0.00949   -0.02343
  -0.35141   -0.06749    0.06764   -0.00584    0.00338   -0.02448    0.04157   -0.04681    0.03549   -0.00731   -0.02548
  -0.34968   -0.06734    0.06749   -0.00450    0.00190   -0.02552    0.04239   -0.04661    0.03409   -0.00511   -0.02748
  -0.34795   -0.06718    0.06732   -0.00315    0.00042   -0.02654    0.04315   -0.04634    0.03264   -0.00290   -0.02940
  -0.34622   -0.06700    0.06714   -0.00181   -0.00105   -0.02753    0.04387   -0.04600    0.03113   -0.00068   -0.03125
  -0.34449   -0.06680    0.06694   -0.00046   -0.00253   -0.02849    0.04452   -0.04559    0.02956    0.00154   -0.03302
  -0.34276   -0.06658    0.06672    0.00089   -0.00401   -0.02942    0.04513   -0.04511    0.02793    0.00375   -0.03471
  -0.34103   -0.06635    0.06648    0.00224   -0.00548   -0.03032    0.04567   -0.04456    0.02626    0.00596   -0.03632
  -0.33930   -0.06610    0.06623    0.00359   -0.00695   -0.03118    0.04616   -0.04394    0.02454    0.00816   -0.03783
  -0.33756   -0.06583    0.06596    0.00493   -0.00841   -0.03201    0.04659   -0.04326    0.02277    0.01033   -0.03926
  -0.33583   -0.06555    0.06568    0.00627   -0.00987   -0.03281    0.04697   -0.04251    0.02096    0.01249   -0.04058
  -0.33410   -0.06526    0.06538    0.00760   -0.01132   -0.03358    0.04728   -0.04170    0.01912    0.01462   -0.04181
  -0.33237   -0.06494    0.06507    0.00893   -0.01276   -0.03430    0.04754   -0.04082    0.01724    0.01671   -0.04293
  -0.33064   -0.06462    0.06474    0.01026   -0.01419   -0.03500    0.04774   -0.03989    0.01533    0.01878   -0.04395
  -0.32891   -0.06428    0.06440    0.01157   -0.01561   -0.03565    0.04788   -0.03889    0.01340    0.02080   -0.04486
  -0.32718   -0.06393    0.06404    0.01288   -0.01702   -0.03627    0.04797   -0.03784    0.01144    0.02278   -0.04566
  -0.32545   -0.06356    0.06367    0.01418   -0.01842   -0.03685    0.04799   -0.03673    0.00945    0.02471   -0.04635
  -0.32372   -0.06318    0.06329    0.01547   -0.01980   -0.03739    0.04796   -0.03557    0.00746    0.02659   -0.04693
  -0.32198   -0.06279    0.06289    0.01675   -0.02117   -0.03790    0.04787   -0.03435    0.00545    0.02842   -0.04739
  -0.32025   -0.06238    0.06248    0.01802   -0.02253   -0.03836    0.04772   -0.03308    0.00343    0.03018   -0.04774
  -0.31852   -0.06196    0.06206    0.01927   -0.02387   -0.03879    0.04752   -0.03177    0.00140    0.03189   -0.04797
  -0.31679   -0.06153    0.06163    0.02051   -0.02519   -0.03917    0.04726   -0.03041   -0.00063    0.03352   -0.04808
  -0.31506   -0.06109    0.06119    0.02174   -0.02649   -0.03952    0.04694   -0.02900   -0.00265    0.03509   -0.04808
  -0.31333   -0.06064    0.06073    0.02295   -0.02778   -0.03983    0.04657   -0.02756   -0.00468    0.03659   -0.04797
  -0.31160   -0.06017    0.06026    0.02415   -0.02904   -0.04010    0.04614   -0.02607   -0.00669    0.03801   -0.04774
  -0.30987   -0.05970    0.05979    0.02533   -0.03029   -0.04033    0.04566   -0.02454   -0.00870    0.03935   -0.04739
  -0.30814   -0.05922    0.05930    0.02649   -0.03152   -0.04051    0.04512   -0.02298   -0.01068    0.04061   -0.04693
  -0.30640   -0.05872    0.05880    0.02764   -0.03272   -0.04066    0.04454   -0.02139   -0.01265    0.04179   -0.04636
  -0.30467   -0.05822    0.05830    0.02877   -0.03390   -0.04077    0.04390   -0.01977   -0.01460    0.04288   -0.04568
  -0.30294   -0.05771    0.05779    0.02988   -0.03506   -0.04084    0.04321   -0.01812   -0.01652    0.04389   -0.04489
  -0.30121   -0.05719    0.05726    0.03097   -0.03620   -0.04087    0.04247   -0.01644   -0.01842    0.04481   -0.04399
  -0.29948   -0.05666    0.05673    0.03205   -0.03731   -0.04086    0.04168   -0.01474   -0.02028    0.04563   -0.04299
  -0.29775   -0.05613    0.05619    0.03310   -0.03840   -0.04081    0.04085   -0.01302   -0.02211    0.04637   -0.04189
  -0.29602   -0.05559    0.05565    0.03413   -0.03946   -0.04072    0.03997   -0.01128   -0.02390    0.04701   -0.04069
  -0.29429   -0.05504    0.05510    0.03514   -0.04050   -0.04059    0.03905   -0.00952   -0.02565    0.04756   -0.03939
  -0.29256   -0.05448    0.05454    0.03613   -0.04152   -0.04042    0.03808   -0.00776   -0.02736    0.04801   -0.03800
  -0.29082   -0.05392    0.05397    0.03710   -0.04250   -0.04022    0.03707   -0.00598   -0.02903    0.04837   -0.03652
  -0.28909   -0.05335    0.05340    0.03804   -0.04346   -0.03998    0.03602   -0.00419   -0.03064    0.04863   -0.03496
  -0.28736   -0.05278    0.05283    0.03896   -0.04440   -0.03970    0.03492   -0.00240   -0.03220    0.04879   -0.03332
  -0.28563   -0.05220    0.05225    0.03986   -0.04531   -0.03939    0.03379   -0.00060   -0.03371    0.04886   -0.03159
  -0.28390   -0.05162    0.05166    0.04074   -0.04618   -0.03904    0.03263    0.00119   -0.03517    0.04883   -0.02980
  -0.28217   -0.05104    0.05107    0.04159   -0.04704   -0.03865    0.03143    0.00299   -0.03657    0.04871   -0.02794
  -0.28044   -0.05045    0.05048    0.04242   -0.04786   -0.03823    0.03019    0.00478   -0.03790    0.04849   -0.02601
  -0.27871   -0.04985    0.04988    0.04323   -0.04866   -0.03778    0.02892    0.00656   -0.03918    0.04818   -0.02402
  -0.27698   -0.04926    0.04928    0.04401   -0.04943   -0.03729    0.02763    0.00834   -0.04039    0.04777   -0.02198
  -0.27524   -0.04866    0.04868    0.04477   -0.05017   -0.03677    0.02630    0.01011   -0.04154    0.04727   -0.01989
  -0.27351   -0.04806    0.04807    0.04550   -0.05088   -0.03622    0.02494    0.01186   -0.04262    0.04668   -0.01775
  -0.27178   -0.04745    0.04746    0.04621   -0.05156   -0.03564    0.02356    0.01359   -0.04363    0.04600   -0.01557
  -0.27005   -0.04685    0.04685    0.04690   -0.05222   -0.03502    0.02216    0.01531   -0.04457    0.04523   -0.01336
  -0.26832   -0.04624    0.04624    0.04756   -0.05284   -0.03438    0.02073    0.01701   -0.04544    0.04437   -0.01111
  -0.26659   -0.04563    0.04563    0.04820   -0.05344   -0.03370    0.01928    0.01869   -0.04624    0.04343   -0.00884
  -0.26486   -0.04502    0.04502    0.04881   -0.05401   -0.03300    0.01781    0.02034   -0.04697    0.04241   -0.00656
  -0.26313   -0.04441    0.04441    0.04939   -0.05455   -0.03227    0.01633    0.02196   -0.04762    0.04131   -0.00425
  -0.26140   -0.04381    0.04379    0.04996   -0.05506   -0.03152    0.01482    0.02356   -0.04820    0.04013   -0.00194
  -0.25967   -0.04320    0.04318    0.05049   -0.05555   -0.03073    0.01330    0.02513   -0.04870    0.03887    0.00038
  -0.25793   -0.04259    0.04257    0.05101   -0.05600   -0.02993    0.01177    0.02667   -0.04913    0.03754    0.00269
  -0.25620   -0.04198    0.04196    0.05150   -0.05643   -0.02909    0.01023    0.02817   -0.04948    0.03615    0.00500
  -0.25447   -0.04137    0.04135    0.05196   -0.05683   -0.02824    0.00868    0.02964   -0.04976    0.03468    0.00730
  -0.25274   -0.04077    0.04074    0.05240   -0.05721   -0.02736    0.00712    0.03107   -0.04996    0.03315    0.00958
  -0.25101   -0.04016    0.04013    0.05282   -0.05755   -0.02646    0.00555    0.03246   -0.05008    0.03156    0.01185
  -0.24928   -0.03956    0.03952    0.05322   -0.05787   -0.02555    0.00398    0.03382   -0.05013    0.02991    0.01408
  -0.24755   -0.03896    0.03892    0.05359   -0.05816   -0.02461    0.00240    0.03513   -0.05010    0.02821    0.01629
  -0.24582   -0.03836    0.03832    0.05393   -0.05843   -0.02365    0.00082    0.03640   -0.05000    0.02645    0.01846
  -0.24409   -0.03777    0.03772    0.05426   -0.05867   -0.02267   -0.00076    0.03763   -0.04982    0.02465    0.02059
  -0.24235   -0.03717    0.03712    0.05456   -0.05888   -0.02168   -0.00234    0.03881   -0.04957    0.02280    0.02267
  -0.24062   -0.03658    0.03653    0.05484   -0.05907   -0.02067   -0.00392    0.03994   -0.04924    0.02091    0.02471
  -0.23889   -0.03600    0.03593    0.05509   -0.05923   -0.01965   -0.00549    0.04103   -0.04884    0.01899    0.02670
  -0.23716   -0.03541    0.03535    0.05533   -0.05937   -0.01861   -0.00706    0.04207   -0.04837    0.01703    0.02862
  -0.23543   -0.03483    0.03476    0.05554   -0.05948   -0.01756   -0.00862    0.04306   -0.04783    0.01503    0.03049
  -0.23370   -0.03426    0.03418    0.05573   -0.05957   -0.01649   -0.01017    0.04400   -0.04722    0.01302    0.03229
  -0.23197   -0.03368    0.03361    0.05590   -0.05963   -0.01542   -0.01172    0.04489   -0.04654    0.01098    0.03403
  -0.23024   -0.03312    0.03303    0.05605   -0.05967   -0.01433   -0.01326    0.04573   -0.04580    0.00892    0.03569
  -0.22851   -0.03255    0.03247    0.05618   -0.05969   -0.01323   -0.01478    0.04651   -0.04499    0.00684    0.03728
  -0.22677   -0.03199    0.03190    0.05629   -0.05968   -0.01213   -0.01629    0.04725   -0.04411    0.00476    0.03878
  -0.22504   -0.03144    0.03134    0.05638   -0.05966   -0.01101   -0.01779    0.04793   -0.04318    0.00266    0.04021
  -0.22331   -0.03089    0.03079    0.05645   -0.05961   -0.00989   -0.01927    0.04855   -0.04218    0.00056    0.04156
  -0.22158   -0.03034    0.03024    0.05650   -0.05954   -0.00876   -0.02073    0.04912   -0.04112   -0.00154    0.04282
  -0.21985   -0.02980    0.02970    0.05654   -0.05945   -0.00763   -0.02218    0.04964   -0.04001   -0.00364    0.04399
  -0.21812   -0.02927    0.02916    0.05655   -0.05933   -0.00649   -0.02361    0.05010   -0.03884   -0.00573    0.04507
  -0.21639   -0.02874    0.02862    0.05655   -0.05920   -0.00534   -0.02502    0.05051   -0.03761   -0.00781    0.04606
  -0.21466   -0.02821    0.02809    0.05653   -0.05905   -0.00420   -0.02641    0.05087   -0.03634   -0.00988    0.04695
  -0.21293   -0.02769    0.02757    0.05649   -0.05888   -0.00305   -0.02778    0.05117   -0.03501   -0.01193    0.04775
  -0.21119   -0.02718    0.02705    0.05644   -0.05869   -0.00190   -0.02913    0.05141   -0.03364   -0.01397    0.04845
  -0.20946   -0.02667    0.02654    0.05637   -0.05848   -0.00074   -0.03045    0.05160   -0.03222   -0.01598    0.04905
  -0.20773   -0.02617    0.02603    0.05628   -0.05826    0.00041   -0.03175    0.05174   -0.03076   -0.01796    0.04956
  -0.20600   -0.02567    0.02553    0.05618   -0.05802    0.00156   -0.03303    0.05182   -0.02926   -0.01991    0.04996
  -0.20427   -0.02518    0.02504    0.05607   -0.05776    0.00271   -0.03428    0.05184   -0.02772   -0.02183    0.05027
  -0.20254   -0.02470    0.02455    0.05594   -0.05749    0.00386   -0.03550    0.05182   -0.02614   -0.02371    0.05048
  -0.20081   -0.02422    0.02406    0.05580   -0.05719    0.00501   -0.03670    0.05174   -0.02453   -0.02556    0.05058
  -0.19908   -0.02375    0.02359    0.05564   -0.05689    0.00616   -0.03787    0.05161   -0.02288   -0.02736    0.05059
  -0.19735   -0.02328    0.02311    0.05547   -0.05657    0.00730   -0.03901    0.05142   -0.02121   -0.02912    0.05049
  -0.19561   -0.02282    0.02265    0.05528   -0.05623    0.00844   -0.04012    0.05119   -0.01950   -0.03083    0.05030
  -0.19388   -0.02237    0.02219    0.05509   -0.05589    0.00957   -0.04120    0.05090   -0.01778   -0.03249    0.05001
  -0.19215   -0.02192    0.02174    0.05488   -0.05553    0.01070   -0.04226    0.05056   -0.01603   -0.03410    0.04962
  -0.19042   -0.02148    0.02129    0.05466   -0.05515    0.01182   -0.04328    0.05017   -0.01426   -0.03566    0.04914
  -0.18869   -0.02104    0.02085    0.05444   -0.05476    0.01293   -0.04427    0.04974   -0.01247   -0.03716    0.04856
  -0.18696   -0.02061    0.02042    0.05420   -0.05437    0.01404   -0.04523    0.04925   -0.01066   -0.03860    0.04788
  -0.18523   -0.02019    0.01999    0.05395   -0.05396    0.01514   -0.04616    0.04872   -0.00884   -0.03998    0.04712
  -0.18350   -0.01977    0.01957    0.05369   -0.05353    0.01624   -0.04706    0.04814   -0.00702   -0.04129    0.04626
  -0.18177   -0.01936    0.01915    0.05342   -0.05310    0.01732   -0.04793    0.04752   -0.00518   -0.04254    0.04532
  -0.18003   -0.01896    0.01874    0.05314   -0.05266    0.01840   -0.04876    0.04685   -0.00333   -0.04373    0.04428
  -0.17830   -0.01856    0.01834    0.05285   -0.05221    0.01947   -0.04957    0.04613   -0.00149   -0.04485    0.04317
  -0.17657   -0.01817    0.01794    0.05256   -0.05175    0.02053   -0.05033    0.04538    0.00036   -0.04590    0.04197
  -0.17484   -0.01779    0.01755    0.05226   -0.05128    0.02157   -0.05107    0.04458    0.00221   -0.04688    0.04070
  -0.17311   -0.01741    0.01717    0.05195   -0.05080    0.02261   -0.05177    0.04374    0.00406   -0.04778    0.03935
  -0.17138   -0.01703    0.01679    0.05163   -0.05032    0.02364   -0.05244    0.04286    0.00590   -0.04862    0.03792
  -0.16965   -0.01667    0.01642    0.05131   -0.04983    0.02466   -0.05308    0.04194    0.00774   -0.04938    0.03643
  -0.16792   -0.01631    0.01605    0.05098   -0.04933    0.02566   -0.05368    0.04099    0.00956   -0.05006    0.03487
  -0.16619   -0.01595    0.01569    0.05065   -0.04882    0.02666   -0.05425    0.04000    0.01138   -0.05068    0.03324
  -0.16445   -0.01561    0.01534    0.05031   -0.04831    0.02764   -0.05479    0.03897    0.01318   -0.05121    0.03155
  -0.16272   -0.01527    0.01499    0.04996   -0.04779    0.02861   -0.05530    0.03791    0.01496   -0.05167    0.02981
  -0.16099   -0.01493    0.01465    0.04961   -0.04726    0.02957   -0.05577    0.03682    0.01673   -0.05205    0.02801
  -0.15926   -0.01460    0.01431    0.04926   -0.04673    0.03052   -0.05620    0.03569    0.01848   -0.05236    0.02615
  -0.15753   -0.01428    0.01398    0.04890   -0.04620    0.03145   -0.05661    0.03453    0.02021   -0.05259    0.02426
  -0.15580   -0.01396    0.01366    0.04854   -0.04566    0.03237   -0.05698    0.03335    0.02191   -0.05274    0.02231
  -0.15407   -0.01365    0.01334    0.04818   -0.04512    0.03328   -0.05732    0.03213    0.02359   -0.05281    0.02033
  -0.15234   -0.01334    0.01302    0.04781   -0.04457    0.03418   -0.05762    0.03089    0.02525   -0.05281    0.01831
  -0.15061   -0.01304    0.01272    0.04744   -0.04402    0.03506   -0.05790    0.02963    0.02687   -0.05273    0.01626
  -0.14887   -0.01275    0.01242    0.04707   -0.04347    0.03593   -0.05814    0.02833    0.02847   -0.05258    0.01418
  -0.14714   -0.01246    0.01212    0.04669   -0.04291    0.03678   -0.05835    0.02702    0.03003   -0.05235    0.01207
  -0.14541   -0.01218    0.01183    0.04631   -0.04235    0.03762   -0.05853    0.02568    0.03156   -0.05205    0.00994
  -0.14368   -0.01190    0.01154    0.04594   -0.04179    0.03845   -0.05867    0.02433    0.03305   -0.05167    0.00780
  -0.14195   -0.01163    0.01126    0.04556   -0.04123    0.03926   -0.05879    0.02295    0.03451   -0.05122    0.00564
  -0.14022   -0.01136    0.01099    0.04518   -0.04066    0.04007   -0.05887    0.02156    0.03593   -0.05070    0.00347
  -0.13849   -0.01110    0.01072    0.04480   -0.04010    0.04085   -0.05893    0.02014    0.03732   -0.05010    0.00129
  -0.13676   -0.01085    0.01046    0.04442   -0.03953    0.04162   -0.05895    0.01872    0.03866   -0.04944   -0.00088
  -0.13503   -0.01060    0.01020    0.04404   -0.03896    0.04238   -0.05895    0.01727    0.03996   -0.04871   -0.00306
  -0.13329   -0.01036    0.00995    0.04366   -0.03839    0.04313   -0.05891    0.01582    0.04122   -0.04791   -0.00523
  -0.13156   -0.01012    0.00970    0.04328   -0.03782    0.04386   -0.05884    0.01435    0.04244   -0.04704   -0.00739
  -0.12983   -0.00988    0.00945    0.04290   -0.03725    0.04458   -0.05875    0.01287    0.04361   -0.04611   -0.00954
  -0.12810   -0.00965    0.00922    0.04252   -0.03668    0.04528   -0.05863    0.01138    0.04473   -0.04512   -0.01167
  -0.12637   -0.00943    0.00898    0.04214   -0.03611    0.04597   -0.05848    0.00989    0.04581   -0.04406   -0.01378
  -0.12464   -0.00921    0.00875    0.04177   -0.03554    0.04664   -0.05830    0.00838    0.04684   -0.04295   -0.01587
  -0.12291   -0.00900    0.00853    0.04139   -0.03497    0.04731   -0.05809    0.00687    0.04782   -0.04178   -0.01794
  -0.12118   -0.00879    0.00831    0.04102   -0.03440    0.04796   -0.05786    0.00536    0.04876   -0.04055   -0.01997
  -0.11945   -0.00858    0.00809    0.04065   -0.03384    0.04859   -0.05760    0.00384    0.04964   -0.03926   -0.02196
  -0.11771   -0.00838    0.00788    0.04028   -0.03327    0.04921   -0.05731    0.00232    0.05048   -0.03793   -0.02393
  -0.11598   -0.00819    0.00767    0.03992   -0.03270    0.04982   -0.05700    0.00079    0.05126   -0.03654   -0.02585
  -0.11425   -0.00800    0.00747    0.03955   -0.03214    0.05041   -0.05667   -0.00073    0.05199   -0.03511   -0.02773
  -0.11252   -0.00781    0.00727    0.03919   -0.03158    0.05100   -0.05630   -0.00226    0.05267   -0.03363   -0.02956
  -0.11079   -0.00763    0.00708    0.03884   -0.03102    0.05156   -0.05592   -0.00378    0.05330   -0.03210   -0.03134
  -0.10906   -0.00745    0.00689    0.03848   -0.03046    0.05212   -0.05551   -0.00530    0.05387   -0.03054   -0.03307
  -0.10733   -0.00728    0.00670    0.03813   -0.02990    0.05266   -0.05508   -0.00681    0.05439   -0.02893   -0.03475
  -0.10560   -0.00711    0.00652    0.03778   -0.02934    0.05319   -0.05462   -0.00833    0.05486   -0.02728   -0.03637
  -0.10387   -0.00694    0.00634    0.03744   -0.02879    0.05371   -0.05414   -0.00983    0.05528   -0.02560   -0.03792
  -0.10213   -0.00678    0.00617    0.03710   -0.02824    0.05421   -0.05364   -0.01133    0.05564   -0.02389   -0.03942
  -0.10040   -0.00663    0.00600    0.03676   -0.02769    0.05470   -0.05312   -0.01282    0.05594   -0.02215   -0.04085
  -0.09867   -0.00647    0.00583    0.03643   -0.02714    0.05518   -0.05257   -0.01430    0.05620   -0.02038   -0.04222
  -0.09694   -0.00632    0.00566    0.03610   -0.02660    0.05565   -0.05201   -0.01578    0.05640   -0.01858   -0.04352
  -0.09521   -0.00618    0.00550    0.03577   -0.02606    0.05610   -0.05142   -0.01724    0.05654   -0.01676   -0.04475
  -0.09348   -0.00604    0.00535    0.03545   -0.02552    0.05655   -0.05082   -0.01869    0.05664   -0.01491   -0.04590
  -0.09175   -0.00590    0.00519    0.03514   -0.02498    0.05698   -0.05020   -0.02013    0.05668   -0.01305   -0.04698
  -0.09002   -0.00577    0.00504    0.03483   -0.02445    0.05740   -0.04955   -0.02156    0.05666   -0.01117   -0.04799
  -0.08829   -0.00564    0.00489    0.03452   -0.02391    0.05781   -0.04889   -0.02297    0.05660   -0.00928   -0.04892
  -0.08656   -0.00551    0.00475    0.03422   -0.02339    0.05820   -0.04821   -0.02437    0.05648   -0.00738   -0.04977
  -0.08482   -0.00539    0.00461    0.03392   -0.02286    0.05859   -0.04751   -0.02575    0.05630   -0.00546   -0.05054
  -0.08309   -0.00527    0.00447    0.03363   -0.02234    0.05897   -0.04680   -0.02711    0.05608   -0.00354   -0.05123
  -0.08136   -0.00515    0.00434    0.03334   -0.02182    0.05933   -0.04607   -0.02846    0.05581   -0.00162   -0.05184
  -0.07963   -0.00504    0.00420    0.03306   -0.02130    0.05968   -0.04532   -0.02979    0.05548    0.00031   -0.05237
  -0.07790   -0.00493    0.00407    0.03278   -0.02078    0.06003   -0.04456   -0.03111    0.05510    0.00223   -0.05282
  -0.07617   -0.00482    0.00394    0.03251   -0.02027    0.06036   -0.04378   -0.03240    0.05468    0.00416   -0.05318
  -0.07444   -0.00472    0.00382    0.03224   -0.01976    0.06068   -0.04298   -0.03367    0.05420    0.00607   -0.05346
  -0.07271   -0.00462    0.00370    0.03198   -0.01926    0.06100   -0.04217   -0.03493    0.05367    0.00798   -0.05365
  -0.07098   -0.00452    0.00358    0.03173   -0.01875    0.06130   -0.04135   -0.03616    0.05310    0.00989   -0.05376
  -0.06924   -0.00443    0.00346    0.03148   -0.01825    0.06159   -0.04051   -0.03737    0.05248    0.01177   -0.05379
  -0.06751   -0.00434    0.00334    0.03123   -0.01775    0.06188   -0.03966   -0.03856    0.05181    0.01365   -0.05373
  -0.06578   -0.00425    0.00323    0.03099   -0.01726    0.06215   -0.03880   -0.03972    0.05110    0.01551   -0.05359
  -0.06405   -0.00416    0.00312    0.03076   -0.01677    0.06242   -0.03792   -0.04086    0.05034    0.01735   -0.05337
  -0.06232   -0.00408    0.00301    0.03053   -0.01628    0.06267   -0.03704   -0.04198    0.04954    0.01916   -0.05306
  -0.06059   -0.00400    0.00291    0.03031   -0.01579    0.06292   -0.03614   -0.04307    0.04869    0.02096   -0.05268
  -0.05886   -0.00392    0.00280    0.03009   -0.01531    0.06316   -0.03523   -0.04414    0.04780    0.02273   -0.05221
  -0.05713   -0.00385    0.00270    0.02988   -0.01483    0.06339   -0.03430   -0.04518    0.04687    0.02447   -0.05166
  -0.05540   -0.00378    0.00260    0.02968   -0.01435    0.06361   -0.03337   -0.04619    0.04590    0.02619   -0.05103
  -0.05366   -0.00371    0.00250    0.02948   -0.01387    0.06382   -0.03243   -0.04718    0.04489    0.02787   -0.05032
  -0.05193   -0.00364    0.00240    0.02929   -0.01340    0.06403   -0.03148   -0.04814    0.04384    0.02952   -0.04954
  -0.05020   -0.00358    0.00231    0.02910   -0.01293    0.06422   -0.03051   -0.04908    0.04275    0.03114   -0.04868
  -0.04847   -0.00352    0.00221    0.02892   -0.01246    0.06441   -0.02954   -0.04998    0.04162    0.03272   -0.04774
  -0.04674   -0.00346    0.00212    0.02875   -0.01199    0.06459   -0.02856   -0.05086    0.04046    0.03426   -0.04674
  -0.04501   -0.00340    0.00203    0.02858   -0.01153    0.06477   -0.02757   -0.05171    0.03927    0.03575   -0.04566
  -0.04328   -0.00335    0.00194    0.02842   -0.01106    0.06493   -0.02658   -0.05253    0.03804    0.03721   -0.04451
  -0.04155   -0.00330    0.00185    0.02827   -0.01060    0.06509   -0.02557   -0.05332    0.03678    0.03863   -0.04330
  -0.03982   -0.00325    0.00176    0.02812   -0.01014    0.06524   -0.02456   -0.05408    0.03549    0.03999   -0.04202
  -0.03808   -0.00320    0.00168    0.02797   -0.00969    0.06538   -0.02354   -0.05481    0.03416    0.04132   -0.04067
  -0.03635   -0.00315    0.00159    0.02784   -0.00923    0.06552   -0.02252   -0.05551    0.03281    0.04259   -0.03927
  -0.03462   -0.00311    0.00151    0.02771   -0.00878    0.06565   -0.02149   -0.05618    0.03143    0.04382   -0.03780
  -0.03289   -0.00307    0.00143    0.02758   -0.00833    0.06577   -0.02045   -0.05682    0.03003    0.04499   -0.03628
  -0.03116   -0.00303    0.00135    0.02746   -0.00788    0.06589   -0.01941   -0.05743    0.02860    0.04611   -0.03470
  -0.02943   -0.00300    0.00127    0.02735   -0.00744    0.06600   -0.01836   -0.05800    0.02714    0.04718   -0.03307
  -0.02770   -0.00296    0.00119    0.02725   -0.00699    0.06610   -0.01730   -0.05855    0.02567    0.04819   -0.03139
  -0.02597   -0.00293    0.00111    0.02715   -0.00655    0.06619   -0.01625   -0.05906    0.02417    0.04915   -0.02967
  -0.02424   -0.00290    0.00103    0.02706   -0.00610    0.06628   -0.01518   -0.05954    0.02265    0.05005   -0.02790
  -0.02250   -0.00288    0.00096    0.02697   -0.00566    0.06637   -0.01412   -0.05999    0.02111    0.05089   -0.02609
  -0.02077   -0.00285    0.00088    0.02689   -0.00522    0.06644   -0.01304   -0.06040    0.01956    0.05168   -0.02424
  -0.01904   -0.00283    0.00080    0.02682   -0.00478    0.06651   -0.01197   -0.06078    0.01798    0.05240   -0.02235
  -0.01731   -0.00281    0.00073    0.02675   -0.00435    0.06657   -0.01089   -0.06113    0.01640    0.05306   -0.02043
  -0.01558   -0.00279    0.00066    0.02669   -0.00391    0.06663   -0.00981   -0.06145    0.01480    0.05367   -0.01848
  -0.01385   -0.00277    0.00058    0.02663   -0.00347    0.06668   -0.00873   -0.06174    0.01319    0.05421   -0.01650
  -0.01212   -0.00276    0.00051    0.02658   -0.00304    0.06673   -0.00764   -0.06199    0.01156    0.05469   -0.01449
  -0.01039   -0.00274    0.00043    0.02654   -0.00260    0.06677   -0.00655   -0.06220    0.00993    0.05510   -0.01247
  -0.00866   -0.00273    0.00036    0.02651   -0.00217    0.06680   -0.00547   -0.06239    0.00829    0.05546   -0.01042
  -0.00692   -0.00272    0.00029    0.02648   -0.00173    0.06683   -0.00437   -0.06254    0.00664    0.05575   -0.00836
  -0.00519   -0.00272    0.00022    0.02646   -0.00130    0.06685   -0.00328   -0.06266    0.00499    0.05597   -0.00629
  -0.00346   -0.00271    0.00015    0.02644   -0.00087    0.06686   -0.00219   -0.06274    0.00333    0.05613   -0.00421
  -0.00173   -0.00271    0.00007    0.02643   -0.00043    0.06687   -0.00110   -0.06279    0.00167    0.05623   -0.00212
   0.00000   -0.00271    0.00000    0.02643   -0.00000    0.06688   -0.00000   -0.06281    0.00001    0.05626   -0.00003
   0.00173   -0.00271   -0.00007    0.02643    0.00043    0.06687    0.00109   -0.06279   -0.00165    0.05623    0.00206
   0.00346   -0.00271   -0.00014    0.02644    0.00086    0.06686    0.00218   -0.06274   -0.00331    0.05614    0.00415
   0.00519   -0.00272   -0.00021    0.02646    0.00130    0.06685    0.00328   -0.06266   -0.00497    0.05598    0.00623
   0.00692   -0.00272   -0.00029    0.02648    0.00173    0.06683    0.00437   -0.06254   -0.00662    0.05575    0.00830
   0.00866   -0.00273   -0.00036    0.02651    0.00216    0.06680    0.00546   -0.06239   -0.00827    0.05546    0.01036
   0.01039   -0.00274   -0.00043    0.02654    0.00260    0.06677    0.00655   -0.06221   -0.00991    0.05511    0.01241
   0.01212   -0.00276   -0.00051    0.02658    0.00303    0.06673    0.00764   -0.06199   -0.01155    0.05470    0.01443
   0.01385   -0.00277   -0.00058    0.02663    0.00347    0.06668    0.00872   -0.06174   -0.01317    0.05422    0.01644
   0.01558   -0.00279   -0.00065    0.02669    0.00391    0.06663    0.00981   -0.06145   -0.01478    0.05368    0.01842
   0.01731   -0.00281   -0.00073    0.02675    0.00434    0.06658    0.01089   -0.06114   -0.01638    0.05307    0.02037
   0.01904   -0.00283   -0.00080    0.02682    0.00478    0.06651    0.01196   -0.06079   -0.01797    0.05241    0.02229
   0.02077   -0.00285   -0.00088    0.02689    0.00522    0.06644    0.01304   -0.06040   -0.01954    0.05169    0.02418
   0.02250   -0.00288   -0.00095    0.02697    0.00566    0.06637    0.01411   -0.05999   -0.02109    0.05090    0.02603
   0.02424   -0.00290   -0.00103    0.02706    0.00610    0.06628    0.01518   -0.05954   -0.02263    0.05006    0.02785
   0.02597   -0.00293   -0.00111    0.02715    0.00654    0.06619    0.01624   -0.05906   -0.02415    0.04916    0.02962
   0.02770   -0.00297   -0.00119    0.02725    0.00699    0.06610    0.01730   -0.05855   -0.02565    0.04821    0.03135
   0.02943   -0.00300   -0.00127    0.02735    0.00743    0.06600    0.01835   -0.05800   -0.02713    0.04720    0.03303
   0.03116   -0.00303   -0.00135    0.02746    0.00788    0.06589    0.01940   -0.05743   -0.02858    0.04613    0.03466
   0.03289   -0.00307   -0.00143    0.02758    0.00833    0.06577    0.02044   -0.05682   -0.03001    0.04501    0.03623
   0.03462   -0.00311   -0.00151    0.02771    0.00878    0.06565    0.02148   -0.05618   -0.03142    0.04384    0.03776
   0.03635   -0.00316   -0.00159    0.02784    0.00923    0.06552    0.02251   -0.05551   -0.03280    0.04261    0.03922
   0.03808   -0.00320   -0.00168    0.02797    0.00969    0.06538    0.02354   -0.05481   -0.03415    0.04134    0.04063
   0.03982   -0.00325   -0.00176    0.02812    0.01014    0.06524    0.02456   -0.05408   -0.03547    0.04002    0.04198
   0.04155   -0.00330   -0.00185    0.02827    0.01060    0.06509    0.02557   -0.05332   -0.03676    0.03865    0.04326
   0.04328   -0.00335   -0.00194    0.02842    0.01106    0.06493    0.02657   -0.05253   -0.03803    0.03724    0.04448
   0.04501   -0.00340   -0.00203    0.02858    0.01152    0.06477    0.02757   -0.05171   -0.03925    0.03578    0.04563
   0.04674   -0.00346   -0.00212    0.02875    0.01199    0.06459    0.02856   -0.05087   -0.04045    0.03428    0.04671
   0.04847   -0.00352   -0.00221    0.02893    0.01245    0.06441    0.02954   -0.04999   -0.04161    0.03274    0.04772
   0.05020   -0.00358   -0.00230    0.02911    0.01292    0.06422    0.03051   -0.04908   -0.04274    0.03116    0.04865
   0.05193   -0.00364   -0.00240    0.02929    0.01339    0.06403    0.03147   -0.04815   -0.04383    0.02955    0.04951
   0.05366   -0.00371   -0.00250    0.02948    0.01387    0.06382    0.03242   -0.04719   -0.04488    0.02790    0.05030
   0.05540   -0.00378   -0.00259    0.02968    0.01434    0.06361    0.03337   -0.04620   -0.04589    0.02622    0.05101
   0.05713   -0.00385   -0.00270    0.02989    0.01482    0.06339    0.03430   -0.04518   -0.04686    0.02450    0.05164
   0.05886   -0.00393   -0.00280    0.03010    0.01530    0.06316    0.03522   -0.04414   -0.04779    0.02276    0.05219
   0.06059   -0.00400   -0.00290    0.03031    0.01579    0.06292    0.03613   -0.04308   -0.04868    0.02099    0.05266
   0.06232   -0.00408   -0.00301    0.03053    0.01627    0.06267    0.03703   -0.04198   -0.04953    0.01920    0.05305
   0.06405   -0.00417   -0.00312    0.03076    0.01676    0.06242    0.03792   -0.04087   -0.05033    0.01738    0.05336
   0.06578   -0.00425   -0.00323    0.03099    0.01726    0.06215    0.03880   -0.03973   -0.05109    0.01554    0.05359
   0.06751   -0.00434   -0.00334    0.03123    0.01775    0.06188    0.03966   -0.03856   -0.05180    0.01368    0.05373
   0.06924   -0.00443   -0.00346    0.03148    0.01825    0.06159    0.04051   -0.03738   -0.05247    0.01181    0.05379
   0.07098   -0.00453   -0.00357    0.03173    0.01875    0.06130    0.04135   -0.03617   -0.05309    0.00992    0.05376
   0.07271   -0.00462   -0.00369    0.03198    0.01925    0.06100    0.04217   -0.03493   -0.05367    0.00802    0.05366
   0.07444   -0.00472   -0.00382    0.03224    0.01976    0.06068    0.04298   -0.03368   -0.05419    0.00611    0.05346
   0.07617   -0.00483   -0.00394    0.03251    0.02027    0.06036    0.04377   -0.03241   -0.05467    0.00419    0.05319
   0.07790   -0.00493   -0.00407    0.03278    0.02078    0.06003    0.04455   -0.03111   -0.05510    0.00226    0.05283
   0.07963   -0.00504   -0.00420    0.03306    0.02129    0.05969    0.04531   -0.02980   -0.05548    0.00034    0.05238
   0.08136   -0.00516   -0.00433    0.03334    0.02181    0.05933    0.04606   -0.02847   -0.05580   -0.00159    0.05186
   0.08309   -0.00527   -0.00447    0.03363    0.02233    0.05897    0.04679   -0.02712   -0.05608   -0.00351    0.05125
   0.08482   -0.00539   -0.00460    0.03392    0.02286    0.05859    0.04751   -0.02576   -0.05630   -0.00543    0.05056
   0.08656   -0.00552   -0.00475    0.03422    0.02338    0.05821    0.04821   -0.02437   -0.05647   -0.00734    0.04979
   0.08829   -0.00564   -0.00489    0.03452    0.02391    0.05781    0.04889   -0.02298   -0.05659   -0.00925    0.04894
   0.09002   -0.00577   -0.00504    0.03483    0.02444    0.05740    0.04955   -0.02156   -0.05666   -0.01114    0.04802
   0.09175   -0.00591   -0.00519    0.03514    0.02498    0.05698    0.05019   -0.02014   -0.05668   -0.01302    0.04701
   0.09348   -0.00604   -0.00534    0.03546    0.02551    0.05655    0.05082   -0.01870   -0.05664   -0.01488    0.04593
   0.09521   -0.00618   -0.00550    0.03578    0.02605    0.05611    0.05142   -0.01725   -0.05655   -0.01673    0.04478
   0.09694   -0.00633   -0.00566    0.03610    0.02659    0.05565    0.05201   -0.01579   -0.05640   -0.01855    0.04355
   0.09867   -0.00648   -0.00582    0.03643    0.02714    0.05518    0.05257   -0.01431   -0.05620   -0.02035    0.04226
   0.10040   -0.00663   -0.00599    0.03676    0.02768    0.05470    0.05311   -0.01283   -0.05595   -0.02212    0.04089
   0.10213   -0.00679   -0.00616    0.03710    0.02823    0.05421    0.05364   -0.01134   -0.05564   -0.02386    0.03946
   0.10387   -0.00695   -0.00634    0.03744    0.02879    0.05371    0.05414   -0.00984   -0.05528   -0.02558    0.03797
   0.10560   -0.00711   -0.00651    0.03778    0.02934    0.05319    0.05462   -0.00833   -0.05486   -0.02726    0.03641
   0.10733   -0.00728   -0.00670    0.03813    0.02989    0.05266    0.05507   -0.00682   -0.05440   -0.02890    0.03479
   0.10906   -0.00746   -0.00688    0.03848    0.03045    0.05212    0.05551   -0.00531   -0.05388   -0.03051    0.03312
   0.11079   -0.00763   -0.00707    0.03884    0.03101    0.05157    0.05592   -0.00379   -0.05330   -0.03208    0.03139
   0.11252   -0.00782   -0.00727    0.03920    0.03157    0.05100    0.05630   -0.00227   -0.05268   -0.03360    0.02961
   0.11425   -0.00800   -0.00746    0.03956    0.03213    0.05042    0.05666   -0.00074   -0.05200   -0.03508    0.02778
   0.11598   -0.00819   -0.00767    0.03992    0.03270    0.04982    0.05700    0.00078   -0.05127   -0.03652    0.02590
   0.11771   -0.00839   -0.00787    0.04029    0.03326    0.04921    0.05731    0.00231   -0.05048   -0.03791    0.02398
   0.11945   -0.00859   -0.00808    0.04065    0.03383    0.04859    0.05760    0.00383   -0.04965   -0.03924    0.02202
   0.12118   -0.00879   -0.00830    0.04102    0.03440    0.04796    0.05786    0.00535   -0.04877   -0.04053    0.02002
   0.12291   -0.00900   -0.00852    0.04140    0.03497    0.04731    0.05809    0.00686   -0.04783   -0.04176    0.01799
   0.12464   -0.00922   -0.00874    0.04177    0.03554    0.04665    0.05830    0.00837   -0.04685   -0.04293    0.01593
   0.12637   -0.00944   -0.00897    0.04215    0.03611    0.04597    0.05847    0.00988   -0.04582   -0.04405    0.01384
   0.12810   -0.00966   -0.00921    0.04252    0.03668    0.04528    0.05863    0.01138   -0.04474   -0.04510    0.01173
   0.12983   -0.00989   -0.00945    0.04290    0.03725    0.04458    0.05875    0.01286   -0.04362   -0.04610    0.00960
   0.13156   -0.01012   -0.00969    0.04328    0.03782    0.04386    0.05884    0.01434   -0.04245   -0.04703    0.00745
   0.13329   -0.01036   -0.00994    0.04366    0.03839    0.04313    0.05891    0.01581   -0.04123   -0.04789    0.00529
   0.13503   -0.01061   -0.01019    0.04404    0.03896    0.04239    0.05894    0.01727   -0.03997   -0.04869    0.00312
   0.13676   -0.01086   -0.01045    0.04442    0.03952    0.04163    0.05895    0.01871   -0.03867   -0.04943    0.00094
   0.13849   -0.01111   -0.01071    0.04480    0.04009    0.04085    0.05893    0.02014   -0.03733   -0.05009   -0.00124
   0.14022   -0.01137   -0.01098    0.04518    0.04066    0.04007    0.05887    0.02155   -0.03595   -0.05069   -0.00341
   0.14195   -0.01164   -0.01125    0.04556    0.04122    0.03927    0.05879    0.02294   -0.03453   -0.05121   -0.00558
   0.14368   -0.01191   -0.01153    0.04594    0.04179    0.03845    0.05867    0.02432   -0.03307   -0.05166   -0.00774
   0.14541   -0.01219   -0.01182    0.04632    0.04235    0.03763    0.05853    0.02568   -0.03157   -0.05204   -0.00989
   0.14714   -0.01247   -0.01211    0.04669    0.04291    0.03678    0.05835    0.02701   -0.03004   -0.05235   -0.01201
   0.14887   -0.01276   -0.01240    0.04707    0.04346    0.03593    0.05814    0.02833   -0.02848   -0.05258   -0.01412
   0.15061   -0.01305   -0.01271    0.04744    0.04402    0.03506    0.05790    0.02962   -0.02688   -0.05273   -0.01620
   0.15234   -0.01335   -0.01301    0.04781    0.04457    0.03418    0.05762    0.03089   -0.02526   -0.05281   -0.01826
   0.15407   -0.01366   -0.01332    0.04818    0.04511    0.03328    0.05732    0.03213   -0.02361   -0.05281   -0.02028
   0.15580   -0.01397   -0.01364    0.04854    0.04566    0.03238    0.05698    0.03334   -0.02193   -0.05274   -0.02226
   0.15753   -0.01429   -0.01397    0.04890    0.04620    0.03145    0.05661    0.03453   -0.02022   -0.05259   -0.02420
   0.15926   -0.01461   -0.01430    0.04926    0.04673    0.03052    0.05620    0.03568   -0.01850   -0.05236   -0.02610
   0.16099   -0.01494   -0.01463    0.04962    0.04726    0.02957    0.05577    0.03681   -0.01675   -0.05206   -0.02796
   0.16272   -0.01528   -0.01497    0.04997    0.04778    0.02861    0.05530    0.03790   -0.01498   -0.05167   -0.02976
   0.16445   -0.01562   -0.01532    0.05031    0.04830    0.02764    0.05479    0.03896   -0.01319   -0.05122   -0.03151
   0.16619   -0.01597   -0.01568    0.05065    0.04881    0.02666    0.05425    0.03999   -0.01139   -0.05068   -0.03320
   0.16792   -0.01632   -0.01603    0.05098    0.04932    0.02567    0.05368    0.04098   -0.00958   -0.05007   -0.03482
   0.16965   -0.01668   -0.01640    0.05131    0.04982    0.02466    0.05308    0.04194   -0.00775   -0.04939   -0.03639
   0.17138   -0.01705   -0.01677    0.05164    0.05031    0.02364    0.05244    0.04286   -0.00592   -0.04863   -0.03789
   0.17311   -0.01742   -0.01715    0.05195    0.05080    0.02262    0.05177    0.04374   -0.00408   -0.04780   -0.03931
   0.17484   -0.01780   -0.01753    0.05226    0.05128    0.02158    0.05107    0.04457   -0.00223   -0.04689   -0.04067
   0.17657   -0.01819   -0.01792    0.05256    0.05175    0.02053    0.05034    0.04537   -0.00038   -0.04591   -0.04194
   0.17830   -0.01858   -0.01832    0.05286    0.05221    0.01947    0.04957    0.04613    0.00147   -0.04486   -0.04314
   0.18003   -0.01898   -0.01872    0.05314    0.05266    0.01840    0.04876    0.04684    0.00332   -0.04375   -0.04426
   0.18177   -0.01938   -0.01913    0.05342    0.05310    0.01733    0.04793    0.04751    0.00516   -0.04256   -0.04529
   0.18350   -0.01979   -0.01955    0.05369    0.05353    0.01624    0.04706    0.04814    0.00700   -0.04131   -0.04624
   0.18523   -0.02021   -0.01997    0.05395    0.05395    0.01515    0.04617    0.04872    0.00883   -0.04000   -0.04709
   0.18696   -0.02063   -0.02040    0.05420    0.05436    0.01404    0.04524    0.04925    0.01065   -0.03862   -0.04786
   0.18869   -0.02106   -0.02083    0.05444    0.05476    0.01294    0.04427    0.04973    0.01245   -0.03718   -0.04854
   0.19042   -0.02150   -0.02127    0.05467    0.05515    0.01182    0.04328    0.05017    0.01424   -0.03568   -0.04912
   0.19215   -0.02194   -0.02172    0.05489    0.05552    0.01070    0.04226    0.05056    0.01601   -0.03413   -0.04961
   0.19388   -0.02239   -0.02217    0.05509    0.05588    0.00957    0.04121    0.05090    0.01776   -0.03252   -0.05000
   0.19561   -0.02284   -0.02263    0.05529    0.05623    0.00844    0.04012    0.05118    0.01949   -0.03086   -0.05029
   0.19735   -0.02330   -0.02309    0.05547    0.05656    0.00730    0.03901    0.05142    0.02119   -0.02914   -0.05049
   0.19908   -0.02377   -0.02356    0.05564    0.05688    0.00616    0.03787    0.05161    0.02287   -0.02739   -0.05059
   0.20081   -0.02424   -0.02404    0.05580    0.05719    0.00501    0.03670    0.05174    0.02451   -0.02558   -0.05058
   0.20254   -0.02472   -0.02452    0.05594    0.05748    0.00387    0.03550    0.05182    0.02613   -0.02374   -0.05048
   0.20427   -0.02521   -0.02501    0.05607    0.05775    0.00272    0.03428    0.05184    0.02770   -0.02186   -0.05028
   0.20600   -0.02570   -0.02551    0.05619    0.05801    0.00156    0.03303    0.05182    0.02925   -0.01994   -0.04997
   0.20773   -0.02619   -0.02601    0.05629    0.05825    0.00041    0.03176    0.05174    0.03075   -0.01799   -0.04957
   0.20946   -0.02670   -0.02651    0.05637    0.05848   -0.00074    0.03046    0.05160    0.03221   -0.01600   -0.04907
   0.21119   -0.02720   -0.02703    0.05644    0.05869   -0.00189    0.02913    0.05141    0.03363   -0.01400   -0.04847
   0.21293   -0.02772   -0.02754    0.05650    0.05888   -0.00305    0.02779    0.05117    0.03500   -0.01196   -0.04777
   0.21466   -0.02824   -0.02807    0.05653    0.05905   -0.00420    0.02642    0.05087    0.03633   -0.00991   -0.04697
   0.21639   -0.02876   -0.02860    0.05655    0.05920   -0.00534    0.02503    0.05051    0.03760   -0.00784   -0.04608
   0.21812   -0.02929   -0.02913    0.05656    0.05933   -0.00649    0.02362    0.05011    0.03883   -0.00576   -0.04509
   0.21985   -0.02983   -0.02967    0.05654    0.05944   -0.00762    0.02219    0.04964    0.04000   -0.00367   -0.04401
   0.22158   -0.03037   -0.03021    0.05651    0.05953   -0.00876    0.02074    0.04913    0.04111   -0.00157   -0.04285
   0.22331   -0.03092   -0.03076    0.05646    0.05960   -0.00989    0.01927    0.04855    0.04217    0.00053   -0.04159
   0.22504   -0.03147   -0.03132    0.05639    0.05965   -0.01101    0.01779    0.04793    0.04317    0.00263   -0.04025
   0.22677   -0.03202   -0.03187    0.05630    0.05968   -0.01212    0.01629    0.04725    0.04411    0.00473   -0.03882
   0.22851   -0.03258   -0.03244    0.05619    0.05968   -0.01323    0.01478    0.04652    0.04498    0.00681   -0.03731
   0.23024   -0.03315   -0.03300    0.05606    0.05967   -0.01433    0.01326    0.04573    0.04579    0.00889   -0.03573
   0.23197   -0.03371   -0.03358    0.05591    0.05963   -0.01541    0.01172    0.04489    0.04654    0.01095   -0.03407
   0.23370   -0.03429   -0.03415    0.05574    0.05956   -0.01649    0.01018    0.04400    0.04722    0.01299   -0.03233
   0.23543   -0.03486   -0.03473    0.05555    0.05947   -0.01756    0.00862    0.04306    0.04783    0.01501   -0.03053
   0.23716   -0.03544   -0.03532    0.05533    0.05936   -0.01861    0.00706    0.04207    0.04837    0.01700   -0.02867
   0.23889   -0.03603   -0.03590    0.05510    0.05922   -0.01965    0.00549    0.04103    0.04884    0.01896   -0.02674
   0.24062   -0.03662   -0.03649    0.05484    0.05906   -0.02067    0.00392    0.03995    0.04924    0.02089   -0.02476
   0.24235   -0.03721   -0.03709    0.05456    0.05888   -0.02168    0.00234    0.03881    0.04956    0.02277   -0.02272
   0.24409   -0.03780   -0.03768    0.05426    0.05866   -0.02267    0.00076    0.03763    0.04982    0.02462   -0.02064
   0.24582   -0.03840   -0.03828    0.05394    0.05842   -0.02365   -0.00082    0.03641    0.04999    0.02643   -0.01851
   0.24755   -0.03899   -0.03888    0.05359    0.05816   -0.02461   -0.00240    0.03514    0.05010    0.02818   -0.01634
   0.24928   -0.03959   -0.03949    0.05322    0.05787   -0.02554   -0.00397    0.03382    0.05013    0.02989   -0.01414
   0.25101   -0.04020   -0.04009    0.05283    0.05755   -0.02646   -0.00555    0.03247    0.05008    0.03154   -0.01190
   0.25274   -0.04080   -0.04070    0.05241    0.05720   -0.02736   -0.00711    0.03108    0.04996    0.03313   -0.00964
   0.25447   -0.04141   -0.04131    0.05197    0.05683   -0.02824   -0.00867    0.02965    0.04976    0.03466   -0.00736
   0.25620   -0.04202   -0.04192    0.05150    0.05643   -0.02909   -0.01023    0.02818    0.04948    0.03613   -0.00506
   0.25793   -0.04262   -0.04253    0.05101    0.05600   -0.02993   -0.01177    0.02667    0.04913    0.03752   -0.00275
   0.25967   -0.04323   -0.04314    0.05050    0.05554   -0.03073   -0.01330    0.02514    0.04871    0.03885   -0.00043
   0.26140   -0.04384   -0.04376    0.04996    0.05506   -0.03151   -0.01482    0.02357    0.04820    0.04011    0.00189
   0.26313   -0.04445   -0.04437    0.04940    0.05455   -0.03227   -0.01632    0.02197    0.04763    0.04129    0.00420
   0.26486   -0.04506   -0.04498    0.04881    0.05401   -0.03300   -0.01781    0.02034    0.04697    0.04240    0.00650
   0.26659   -0.04567   -0.04559    0.04820    0.05344   -0.03370   -0.01928    0.01869    0.04625    0.04342    0.00879
   0.26832   -0.04628   -0.04620    0.04756    0.05284   -0.03438   -0.02073    0.01702    0.04545    0.04436    0.01106
   0.27005   -0.04689   -0.04681    0.04690    0.05221   -0.03502   -0.02216    0.01532    0.04458    0.04522    0.01330
   0.27178   -0.04749   -0.04742    0.04622    0.05156   -0.03564   -0.02356    0.01360    0.04364    0.04599    0.01552
   0.27351   -0.04810   -0.04803    0.04551    0.05087   -0.03622   -0.02494    0.01186    0.04263    0.04667    0.01770
   0.27524   -0.04870   -0.04863    0.04478    0.05016   -0.03677   -0.02630    0.01011    0.04155    0.04726    0.01984
   0.27698   -0.04930   -0.04924    0.04402    0.04942   -0.03729   -0.02762    0.00835    0.04040    0.04776    0.02193
   0.27871   -0.04990   -0.04984    0.04324    0.04865   -0.03778   -0.02892    0.00657    0.03919    0.04817    0.02397
   0.28044   -0.05049   -0.05043    0.04243    0.04786   -0.03823   -0.03019    0.00479    0.03791    0.04849    0.02596
   0.28217   -0.05108   -0.05102    0.04160    0.04703   -0.03865   -0.03142    0.00300    0.03658    0.04871    0.02789
   0.28390   -0.05167   -0.05161    0.04075    0.04618   -0.03904   -0.03263    0.00120    0.03518    0.04883    0.02976
   0.28563   -0.05225   -0.05220    0.03987    0.04530   -0.03939   -0.03379   -0.00060    0.03373    0.04886    0.03155
   0.28736   -0.05283   -0.05278    0.03897    0.04439   -0.03970   -0.03492   -0.00239    0.03222    0.04879    0.03328
   0.28909   -0.05340   -0.05335    0.03805    0.04346   -0.03998   -0.03601   -0.00418    0.03065    0.04863    0.03492
   0.29082   -0.05397   -0.05392    0.03710    0.04250   -0.04022   -0.03706   -0.00597    0.02904    0.04837    0.03649
   0.29256   -0.05453   -0.05449    0.03613    0.04151   -0.04043   -0.03807   -0.00775    0.02738    0.04802    0.03797
   0.29429   -0.05509   -0.05505    0.03514    0.04050   -0.04059   -0.03904   -0.00952    0.02567    0.04756    0.03936
   0.29602   -0.05564   -0.05560    0.03413    0.03946   -0.04072   -0.03997   -0.01127    0.02392    0.04702    0.04066
   0.29775   -0.05618   -0.05614    0.03310    0.03840   -0.04081   -0.04085   -0.01301    0.02212    0.04638    0.04186
   0.29948   -0.05671   -0.05668    0.03205    0.03731   -0.04086   -0.04168   -0.01473    0.02030    0.04564    0.04296
   0.30121   -0.05724   -0.05721    0.03098    0.03620   -0.04087   -0.04247   -0.01643    0.01843    0.04482    0.04397
   0.30294   -0.05776   -0.05773    0.02988    0.03506   -0.04084   -0.04321   -0.01811    0.01654    0.04390    0.04487
   0.30467   -0.05827   -0.05825    0.02877    0.03390   -0.04077   -0.04390   -0.01976    0.01461    0.04290    0.04566
   0.30640   -0.05878   -0.05875    0.02764    0.03272   -0.04066   -0.04454   -0.02139    0.01267    0.04180    0.04634
   0.30814   -0.05927   -0.05925    0.02650    0.03151   -0.04051   -0.04512   -0.02298    0.01070    0.04063    0.04692
   0.30987   -0.05975   -0.05973    0.02533    0.03029   -0.04033   -0.04566   -0.02454    0.00871    0.03937    0.04738
   0.31160   -0.06023   -0.06021    0.02415    0.02904   -0.04010   -0.04614   -0.02606    0.00671    0.03803    0.04773
   0.31333   -0.06069   -0.06068    0.02295    0.02778   -0.03983   -0.04657   -0.02755    0.00469    0.03661    0.04796
   0.31506   -0.06114   -0.06113    0.02174    0.02649   -0.03952   -0.04694   -0.02900    0.00267    0.03511    0.04808
   0.31679   -0.06159   -0.06158    0.02051    0.02519   -0.03918   -0.04726   -0.03040    0.00064    0.03354    0.04808
   0.31852   -0.06202   -0.06201    0.01927    0.02386   -0.03879   -0.04752   -0.03176   -0.00139    0.03191    0.04797
   0.32025   -0.06243   -0.06243    0.01802    0.02253   -0.03836   -0.04772   -0.03308   -0.00341    0.03021    0.04774
   0.32198   -0.06284   -0.06284    0.01675    0.02117   -0.03790   -0.04787   -0.03435   -0.00543    0.02844    0.04740
   0.32372   -0.06323   -0.06323    0.01547    0.01980   -0.03739   -0.04796   -0.03556   -0.00744    0.02662    0.04694
   0.32545   -0.06362   -0.06362    0.01418    0.01842   -0.03685   -0.04799   -0.03672   -0.00944    0.02474    0.04636
   0.32718   -0.06398   -0.06399    0.01288    0.01702   -0.03627   -0.04797   -0.03783   -0.01142    0.02281    0.04568
   0.32891   -0.06434   -0.06434    0.01158    0.01561   -0.03565   -0.04788   -0.03889   -0.01338    0.02083    0.04488
   0.33064   -0.06468   -0.06468    0.01026    0.01419   -0.03500   -0.04774   -0.03988   -0.01532    0.01880    0.04397
   0.33237   -0.06500   -0.06501    0.00894    0.01276   -0.03430   -0.04754   -0.04082   -0.01723    0.01674    0.04296
   0.33410   -0.06531   -0.06532    0.00761    0.01132   -0.03358   -0.04728   -0.04169   -0.01911    0.01464    0.04183
   0.33583   -0.06561   -0.06562    0.00627    0.00987   -0.03281   -0.04697   -0.04251   -0.02095    0.01252    0.04061
   0.33756   -0.06589   -0.06591    0.00493    0.00841   -0.03202   -0.04659   -0.04325   -0.02276    0.01036    0.03929
   0.33930   -0.06616   -0.06617    0.00359    0.00695   -0.03118   -0.04616   -0.04394   -0.02452    0.00818    0.03787
   0.34103   -0.06640   -0.06642    0.00224    0.00548   -0.03032   -0.04567   -0.04455   -0.02625    0.00599    0.03635
   0.34276   -0.06664   -0.06666    0.00089    0.00401   -0.02942   -0.04513   -0.04510   -0.02792    0.00378    0.03475
   0.34449   -0.06685   -0.06688   -0.00046    0.00253   -0.02849   -0.04452   -0.04558   -0.02954    0.00157    0.03306
   0.34622   -0.06705   -0.06708   -0.00181    0.00105   -0.02753   -0.04387   -0.04600   -0.03111   -0.00065    0.03129
   0.34795   -0.06724   -0.06726   -0.00315   -0.00042   -0.02654   -0.04315   -0.04634   -0.03263   -0.00287    0.02944
   0.34968   -0.06740   -0.06743   -0.00450   -0.00190   -0.02552   -0.04239   -0.04661   -0.03408   -0.00508    0.02752
   0.35141   -0.06755   -0.06758   -0.00584   -0.00338   -0.02448   -0.04157   -0.04681   -0.03548   -0.00728    0.02553
   0.35314   -0.06768   -0.06771   -0.00718   -0.00485   -0.02341   -0.04070   -0.04694   -0.03681   -0.00946    0.02348
   0.35488   -0.06780   -0.06783   -0.00851   -0.00632   -0.02231   -0.03977   -0.04700   -0.03807   -0.01163    0.02136
   0.35661   -0.06789   -0.06793   -0.00983   -0.00779   -0.02119   -0.03880   -0.04698   -0.03926   -0.01377    0.01920
   0.35834   -0.06797   -0.06800   -0.01115   -0.00925   -0.02004   -0.03777   -0.04689   -0.04038   -0.01588    0.01698
   0.36007   -0.06803   -0.06806   -0.01246   -0.01070   -0.01888   -0.03670   -0.04673   -0.04142   -0.01795    0.01473
   0.36180   -0.06807   -0.06811   -0.01376   -0.01214   -0.01769   -0.03559   -0.04650   -0.04240   -0.01999    0.01244
   0.36353   -0.06809   -0.06813   -0.01505   -0.01357   -0.01648   -0.03442   -0.04620   -0.04329   -0.02198    0.01011
   0.36526   -0.06809   -0.06813   -0.01632   -0.01500   -0.01526   -0.03322   -0.04582   -0.04410   -0.02393    0.00776
   0.36699   -0.06808   -0.06812   -0.01759   -0.01641   -0.01401   -0.03197   -0.04538   -0.04483   -0.02582    0.00540
   0.36872   -0.06804   -0.06809   -0.01884   -0.01781   -0.01276   -0.03068   -0.04486   -0.04548   -0.02766    0.00301
   0.37046   -0.06799   -0.06803   -0.02008   -0.01919   -0.01149   -0.02935   -0.04428   -0.04605   -0.02944    0.00062
   0.37219   -0.06792   -0.06796   -0.02130   -0.02056   -0.01020   -0.02798   -0.04362   -0.04653   -0.03116   -0.00177
   0.37392   -0.06782   -0.06787   -0.02250   -0.02191   -0.00891   -0.02658   -0.04290   -0.04693   -0.03281   -0.00415
   0.37565   -0.06771   -0.06776   -0.02369   -0.02325   -0.00760   -0.02514   -0.04211   -0.04724   -0.03438   -0.00653
   0.37738   -0.06758   -0.06763   -0.02486   -0.02456   -0.00629   -0.02367   -0.04126   -0.04746   -0.03589   -0.00889
   0.37911   -0.06743   -0.06748   -0.02601   -0.02586   -0.00497   -0.02217   -0.04034   -0.04759   -0.03731   -0.01123
   0.38084   -0.06727   -0.06732   -0.02714   -0.02714   -0.00364   -0.02065   -0.03936   -0.04764   -0.03866   -0.01354
   0.38257   -0.06708   -0.06713   -0.02825   -0.02839   -0.00231   -0.01909   -0.03832   -0.04760   -0.03992   -0.01581
   0.38430   -0.06687   -0.06693   -0.02934   -0.02962   -0.00098   -0.01751   -0.03722   -0.04747   -0.04109   -0.01805
   0.38604   -0.06665   -0.06670   -0.03040   -0.03083    0.00036   -0.01591   -0.03606   -0.04726   -0.04218   -0.02024
   0.38777   -0.06640   -0.06646   -0.03144   -0.03201    0.00169   -0.01429   -0.03485   -0.04695   -0.04317   -0.02238
   0.38950   -0.06614   -0.06620   -0.03246   -0.03317    0.00302   -0.01265   -0.03358   -0.04656   -0.04407   -0.02446
   0.39123   -0.06586   -0.06592   -0.03345   -0.03430    0.00435   -0.01100   -0.03226   -0.04609   -0.04488   -0.02648
   0.39296   -0.06556   -0.06562   -0.03441   -0.03541    0.00567   -0.00933   -0.03089   -0.04553   -0.04559   -0.02844
   0.39469   -0.06524   -0.06530   -0.03535   -0.03649    0.00699   -0.00764   -0.02947   -0.04489   -0.04620   -0.03032
   0.39642   -0.06491   -0.06497   -0.03626   -0.03753    0.00830   -0.00595   -0.02801   -0.04416   -0.04671   -0.03213
   0.39815   -0.06456   -0.06461   -0.03715   -0.03855    0.00960   -0.00425   -0.02650   -0.04336   -0.04712   -0.03386
   0.39988   -0.06418   -0.06424   -0.03800   -0.03954    0.01089   -0.00255   -0.02495   -0.04247   -0.04743   -0.03550
   0.40162   -0.06380   -0.06386   -0.03883   -0.04049    0.01217   -0.00084   -0.02337   -0.04151   -0.04764   -0.03706
   0.40335   -0.06339   -0.06345   -0.03963   -0.04142    0.01343    0.00087   -0.02174   -0.04047   -0.04774   -0.03852
   0.40508   -0.06297   -0.06303   -0.04040   -0.04231    0.01468    0.00258   -0.02009   -0.03935   -0.04774   -0.03989
   0.40681   -0.06253   -0.06259   -0.04113   -0.04317    0.01592    0.00428   -0.01840   -0.03817   -0.04764   -0.04115
   0.40854   -0.06208   -0.06214   -0.04184   -0.04400    0.01713    0.00598   -0.01669   -0.03691   -0.04744   -0.04232
   0.41027   -0.06160   -0.06167   -0.04251   -0.04479    0.01833    0.00767   -0.01495   -0.03559   -0.04714   -0.04338
   0.41200   -0.06112   -0.06118   -0.04315   -0.04555    0.01951    0.00935   -0.01319   -0.03420   -0.04673   -0.04433
   0.41373   -0.06062   -0.06068   -0.04377   -0.04627    0.02067    0.01102   -0.01140   -0.03276   -0.04623   -0.04517
   0.41546   -0.06010   -0.06016   -0.04434   -0.04696    0.02180    0.01268   -0.00960   -0.03125   -0.04562   -0.04591
   0.41720   -0.05957   -0.05963   -0.04489   -0.04761    0.02291    0.01432   -0.00779   -0.02968   -0.04493   -0.04652
   0.41893   -0.05902   -0.05909   -0.04540   -0.04822    0.02400    0.01594   -0.00596   -0.02807   -0.04413   -0.04703
   0.42066   -0.05846   -0.05853   -0.04588   -0.04880    0.02506    0.01755   -0.00413   -0.02640   -0.04324   -0.04741
   0.42239   -0.05789   -0.05795   -0.04633   -0.04935    0.02610    0.01913   -0.00229   -0.02469   -0.04226   -0.04768
   0.42412   -0.05731   -0.05737   -0.04674   -0.04985    0.02711    0.02069   -0.00044   -0.02293   -0.04120   -0.04784
   0.42585   -0.05671   -0.05677   -0.04712   -0.05033    0.02809    0.02222    0.00140   -0.02113   -0.04004   -0.04787
   0.42758   -0.05610   -0.05616   -0.04747   -0.05076    0.02904    0.02373    0.00325   -0.01929   -0.03880   -0.04779
   0.42931   -0.05548   -0.05554   -0.04778   -0.05116    0.02996    0.02520    0.00508   -0.01742   -0.03748   -0.04760
   0.43104   -0.05484   -0.05490   -0.04806   -0.05152    0.03085    0.02665    0.00692   -0.01552   -0.03609   -0.04728
   0.43278   -0.05420   -0.05426   -0.04831   -0.05184    0.03171    0.02807    0.00874   -0.01359   -0.03461   -0.04686
   0.43451   -0.05354   -0.05361   -0.04853   -0.05213    0.03254    0.02945    0.01054   -0.01164   -0.03307   -0.04632
   0.43624   -0.05288   -0.05294   -0.04871   -0.05238    0.03333    0.03080    0.01234   -0.00966   -0.03146   -0.04567
   0.43797   -0.05221   -0.05227   -0.04886   -0.05259    0.03409    0.03211    0.01411   -0.00767   -0.02978   -0.04491
   0.43970   -0.05152   -0.05159   -0.04898   -0.05277    0.03482    0.03338    0.01587   -0.00567   -0.02804   -0.04404
   0.44143   -0.05083   -0.05090   -0.04906   -0.05291    0.03551    0.03462    0.01760   -0.00366   -0.02625   -0.04306
   0.44316   -0.05014   -0.05020   -0.04911   -0.05302    0.03617    0.03581    0.01931   -0.00164   -0.02440   -0.04199
   0.44489   -0.04943   -0.04949   -0.04914   -0.05309    0.03679    0.03696    0.02099    0.00038   -0.02250   -0.04081
   0.44662   -0.04872   -0.04878   -0.04913   -0.05313    0.03738    0.03808    0.02264    0.00241   -0.02056   -0.03954
   0.44835   -0.04800   -0.04806   -0.04909   -0.05313    0.03793    0.03915    0.02425    0.00442   -0.01857   -0.03817
   0.45009   -0.04727   -0.04733   -0.04902   -0.05310    0.03845    0.04017    0.02584    0.00643   -0.01655   -0.03672
   0.45182   -0.04654   -0.04660   -0.04892   -0.05304    0.03893    0.04115    0.02739    0.00843   -0.01449   -0.03518
   0.45355   -0.04581   -0.04587   -0.04879   -0.05294    0.03937    0.04209    0.02890    0.01042   -0.01241   -0.03355
   0.45528   -0.04507   -0.04513   -0.04864   -0.05281    0.03978    0.04298    0.03037    0.01238   -0.01030   -0.03185
   0.45701   -0.04433   -0.04439   -0.04845   -0.05265    0.04015    0.04382    0.03180    0.01433   -0.00817   -0.03008
   0.45874   -0.04358   -0.04364   -0.04824   -0.05246    0.04049    0.04461    0.03319    0.01626   -0.00603   -0.02823
   0.46047   -0.04284   -0.04289   -0.04800   -0.05224    0.04079    0.04536    0.03453    0.01815   -0.00387   -0.02633
   0.46220   -0.04208   -0.04214   -0.04774   -0.05199    0.04105    0.04606    0.03583    0.02002   -0.00171   -0.02436
   0.46393   -0.04133   -0.04139   -0.04745   -0.05171    0.04128    0.04672    0.03709    0.02186    0.00046   -0.02233
   0.46567   -0.04058   -0.04063   -0.04713   -0.05140    0.04147    0.04732    0.03829    0.02366    0.00263   -0.02026
   0.46740   -0.03983   -0.03988   -0.04679   -0.05106    0.04163    0.04788    0.03944    0.02543    0.00479   -0.01814
   0.46913   -0.03907   -0.03912   -0.04643   -0.05070    0.04175    0.04839    0.04055    0.02715    0.00694   -0.01598
   0.47086   -0.03832   -0.03837   -0.04605   -0.05031    0.04184    0.04885    0.04160    0.02883    0.00908   -0.01379
   0.47259   -0.03756   -0.03762   -0.04564   -0.04990    0.04190    0.04926    0.04260    0.03047    0.01120   -0.01156
   0.47432   -0.03681   -0.03686   -0.04521   -0.04946    0.04192    0.04963    0.04355    0.03206    0.01330   -0.00931
   0.47605   -0.03606   -0.03611   -0.04477   -0.04900    0.04192    0.04995    0.04445    0.03361    0.01538   -0.00704
   0.47778   -0.03532   -0.03536   -0.04430   -0.04852    0.04187    0.05022    0.04529    0.03510    0.01743   -0.00475
   0.47951   -0.03457   -0.03462   -0.04381   -0.04802    0.04180    0.05044    0.04607    0.03654    0.01945   -0.00246
   0.48125   -0.03383   -0.03388   -0.04331   -0.04749    0.04170    0.05062    0.04681    0.03793    0.02143   -0.00015
   0.48298   -0.03309   -0.03314   -0.04279   -0.04695    0.04157    0.05076    0.04749    0.03926    0.02338    0.00215
   0.48471   -0.03236   -0.03240   -0.04226   -0.04639    0.04140    0.05084    0.04811    0.04053    0.02528    0.00445
   0.48644   -0.03162   -0.03167   -0.04171   -0.04581    0.04121    0.05089    0.04868    0.04175    0.02714    0.00673
   0.48817   -0.03090   -0.03094   -0.04114   -0.04521    0.04099    0.05089    0.04919    0.04291    0.02895    0.00901
   0.48990   -0.03018   -0.03022   -0.04056   -0.04460    0.04075    0.05085    0.04965    0.04401    0.03071    0.01126
   0.49163   -0.02946   -0.02951   -0.03997   -0.04397    0.04048    0.05077    0.05006    0.04505    0.03242    0.01350
   0.49336   -0.02876   -0.02880   -0.03937   -0.04333    0.04018    0.05065    0.05041    0.04602    0.03408    0.01570
   0.49509   -0.02805   -0.02809   -0.03876   -0.04268    0.03986    0.05049    0.05071    0.04694    0.03568    0.01788
   0.49683   -0.02736   -0.02740   -0.03814   -0.04201    0.03951    0.05029    0.05096    0.04779    0.03722    0.02001
   0.49856   -0.02667   -0.02671   -0.03750   -0.04134    0.03914    0.05005    0.05116    0.04858    0.03870    0.02211
   0.50029   -0.02599   -0.02602   -0.03686   -0.04065    0.03875    0.04977    0.05130    0.04931    0.04012    0.02417
   0.50202   -0.02531   -0.02535   -0.03621   -0.03995    0.03834    0.04946    0.05140    0.04997    0.04147    0.02618
   0.50375   -0.02464   -0.02468   -0.03556   -0.03925    0.03791    0.04912    0.05144    0.05058    0.04276    0.02814
   0.50548   -0.02399   -0.02402   -0.03490   -0.03854    0.03747    0.04874    0.05144    0.05112    0.04398    0.03004
   0.50721   -0.02334   -0.02337   -0.03423   -0.03782    0.03700    0.04833    0.05139    0.05160    0.04514    0.03189
   0.50894   -0.02269   -0.02273   -0.03356   -0.03709    0.03652    0.04789    0.05129    0.05201    0.04623    0.03368
   0.51067   -0.02206   -0.02210   -0.03289   -0.03637    0.03602    0.04742    0.05115    0.05237    0.04724    0.03541
   0.51241   -0.02144   -0.02147   -0.03222   -0.03563    0.03550    0.04693    0.05096    0.05266    0.04819    0.03707
   0.51414   -0.02082   -0.02086   -0.03154   -0.03490    0.03497    0.04641    0.05073    0.05290    0.04907    0.03867
   0.51587   -0.02022   -0.02025   -0.03086   -0.03416    0.03443    0.04586    0.05046    0.05308    0.04988    0.04019
   0.51760   -0.01962   -0.01965   -0.03018   -0.03342    0.03388    0.04528    0.05015    0.05320    0.05062    0.04165
   0.51933   -0.01904   -0.01907   -0.02950   -0.03268    0.03332    0.04469    0.04981    0.05326    0.05129    0.04304
   0.52106   -0.01846   -0.01849   -0.02882   -0.03194    0.03274    0.04407    0.04942    0.05327    0.05188    0.04435
   0.52279   -0.01790   -0.01792   -0.02814   -0.03120    0.03216    0.04344    0.04900    0.05323    0.05241    0.04559
   0.52452   -0.01734   -0.01737   -0.02747   -0.03047    0.03157    0.04278    0.04854    0.05313    0.05287    0.04675
   0.52625   -0.01680   -0.01682   -0.02680   -0.02973    0.03097    0.04211    0.04805    0.05298    0.05327    0.04784
   0.52799   -0.01626   -0.01629   -0.02613   -0.02900    0.03036    0.04142    0.04753    0.05278    0.05359    0.04884
   0.52972   -0.01574   -0.01576   -0.02546   -0.02828    0.02975    0.04072    0.04698    0.05253    0.05385    0.04978
   0.53145   -0.01522   -0.01525   -0.02480   -0.02755    0.02914    0.04000    0.04640    0.05224    0.05404    0.05063
   0.53318   -0.01472   -0.01474   -0.02415   -0.02683    0.02852    0.03927    0.04580    0.05190    0.05417    0.05141
   0.53491   -0.01423   -0.01425   -0.02350   -0.02612    0.02790    0.03853    0.04517    0.05151    0.05424    0.05211
   0.53664   -0.01375   -0.01377   -0.02286   -0.02541    0.02727    0.03778    0.04452    0.05109    0.05425    0.05273
   0.53837   -0.01328   -0.01330   -0.02222   -0.02472    0.02665    0.03703    0.04384    0.05062    0.05419    0.05327
   0.54010   -0.01282   -0.01284   -0.02159   -0.02402    0.02602    0.03626    0.04315    0.05012    0.05408    0.05374
   0.54183   -0.01237   -0.01239   -0.02097   -0.02334    0.02540    0.03549    0.04243    0.04958    0.05391    0.05414
   0.54357   -0.01193   -0.01195   -0.02035   -0.02266    0.02477    0.03471    0.04170    0.04901    0.05369    0.05446
   0.54530   -0.01150   -0.01152   -0.01975   -0.02199    0.02415    0.03393    0.04095    0.04840    0.05341    0.05471
   0.54703   -0.01108   -0.01110   -0.01915   -0.02133    0.02353    0.03315    0.04019    0.04776    0.05308    0.05489
   0.54876   -0.01067   -0.01069   -0.01856   -0.02068    0.02291    0.03237    0.03942    0.04709    0.05270    0.05499
   0.55049   -0.01028   -0.01029   -0.01798   -0.02004    0.02230    0.03159    0.03863    0.04640    0.05228    0.05503
   0.55222   -0.00989   -0.00991   -0.01741   -0.01941    0.02169    0.03080    0.03784    0.04568    0.05181    0.05501
   0.55395   -0.00951   -0.00953   -0.01685   -0.01879    0.02108    0.03002    0.03703    0.04494    0.05129    0.05491
   0.55568   -0.00915   -0.00916   -0.01629   -0.01818    0.02048    0.02924    0.03622    0.04417    0.05074    0.05476
   0.55741   -0.00879   -0.00881   -0.01575   -0.01758    0.01989    0.02846    0.03540    0.04339    0.05014    0.05454
   0.55915   -0.00845   -0.00846   -0.01522   -0.01700    0.01930    0.02769    0.03458    0.04259    0.04951    0.05427
   0.56088   -0.00811   -0.00813   -0.01470   -0.01642    0.01872    0.02692    0.03376    0.04177    0.04885    0.05393
   0.56261   -0.00779   -0.00780   -0.01419   -0.01585    0.01815    0.02616    0.03293    0.04094    0.04815    0.05355
   0.56434   -0.00747   -0.00748   -0.01369   -0.01530    0.01759    0.02541    0.03211    0.04009    0.04742    0.05311
   0.56607   -0.00716   -0.00718   -0.01320   -0.01476    0.01703    0.02466    0.03128    0.03924    0.04667    0.05262
   0.56780   -0.00687   -0.00688   -0.01273   -0.01423    0.01648    0.02392    0.03046    0.03837    0.04588    0.05208
   0.56953   -0.00658   -0.00659   -0.01226   -0.01371    0.01594    0.02319    0.02963    0.03750    0.04508    0.05150
   0.57126   -0.00630   -0.00631   -0.01181   -0.01321    0.01541    0.02247    0.02882    0.03662    0.04425    0.05087
   0.57299   -0.00603   -0.00604   -0.01136   -0.01271    0.01489    0.02175    0.02800    0.03573    0.04340    0.05021
   0.57473   -0.00577   -0.00578   -0.01093   -0.01223    0.01438    0.02105    0.02719    0.03484    0.04253    0.04950
   0.57646   -0.00552   -0.00553   -0.01051   -0.01176    0.01387    0.02036    0.02639    0.03395    0.04165    0.04876
   0.57819   -0.00528   -0.00529   -0.01010   -0.01131    0.01338    0.01968    0.02560    0.03306    0.04075    0.04799
   0.57992   -0.00504   -0.00505   -0.00970   -0.01086    0.01290    0.01901    0.02481    0.03217    0.03984    0.04719
   0.58165   -0.00481   -0.00482   -0.00931   -0.01043    0.01243    0.01835    0.02404    0.03129    0.03893    0.04636
   0.58338   -0.00460   -0.00460   -0.00893   -0.01001    0.01197    0.01771    0.02327    0.03040    0.03800    0.04550
   0.58511   -0.00439   -0.00439   -0.00856   -0.00960    0.01152    0.01708    0.02251    0.02952    0.03707    0.04462
   0.58684   -0.00418   -0.00419   -0.00821   -0.00920    0.01108    0.01646    0.02177    0.02865    0.03613    0.04372
   0.58857   -0.00399   -0.00399   -0.00786   -0.00882    0.01065    0.01585    0.02103    0.02778    0.03519    0.04280
   0.59031   -0.00380   -0.00380   -0.00753   -0.00844    0.01023    0.01526    0.02031    0.02693    0.03425    0.04186
   0.59204   -0.00362   -0.00362   -0.00720   -0.00808    0.00983    0.01468    0.01960    0.02608    0.03330    0.04091
   0.59377   -0.00344   -0.00345   -0.00689   -0.00773    0.00943    0.01412    0.01890    0.02524    0.03236    0.03994
   0.59550   -0.00328   -0.00328   -0.00658   -0.00739    0.00904    0.01356    0.01822    0.02441    0.03142    0.03897
   0.59723   -0.00312   -0.00312   -0.00629   -0.00706    0.00867    0.01303    0.01755    0.02359    0.03049    0.03799
   0.59896   -0.00296   -0.00297   -0.00601   -0.00675    0.00831    0.01250    0.01689    0.02278    0.02956    0.03700
   0.60069   -0.00281   -0.00282   -0.00573   -0.00644    0.00795    0.01199    0.01625    0.02199    0.02864    0.03601
   0.60242   -0.00267   -0.00268   -0.00547   -0.00614    0.00761    0.01150    0.01562    0.02120    0.02773    0.03501
   0.60415   -0.00253   -0.00254   -0.00521   -0.00586    0.00728    0.01101    0.01501    0.02044    0.02683    0.03402
   0.60589   -0.00240   -0.00241   -0.00497   -0.00558    0.00696    0.01055    0.01441    0.01968    0.02593    0.03302
   0.60762   -0.00228   -0.00228   -0.00473   -0.00532    0.00664    0.01009    0.01382    0.01894    0.02505    0.03203
   0.60935   -0.00216   -0.00216   -0.00450   -0.00506    0.00634    0.00965    0.01326    0.01822    0.02418    0.03104
   0.61108   -0.00205   -0.00205   -0.00428   -0.00482    0.00605    0.00922    0.01270    0.01751    0.02332    0.03006
   0.61281   -0.00194   -0.00194   -0.00407   -0.00458    0.00577    0.00881    0.01217    0.01682    0.02247    0.02909
   0.61454   -0.00183   -0.00184   -0.00387   -0.00435    0.00550    0.00841    0.01164    0.01614    0.02164    0.02812
   0.61627   -0.00173   -0.00174   -0.00367   -0.00413    0.00524    0.00802    0.01113    0.01548    0.02083    0.02716
   0.61800   -0.00164   -0.00164   -0.00349   -0.00392    0.00499    0.00765    0.01064    0.01484    0.02003    0.02621
   0.61973   -0.00155   -0.00155   -0.00331   -0.00372    0.00474    0.00728    0.01016    0.01421    0.01924    0.02528
   0.62146   -0.00146   -0.00146   -0.00313   -0.00353    0.00451    0.00694    0.00970    0.01360    0.01847    0.02436
   0.62320   -0.00138   -0.00138   -0.00297   -0.00334    0.00428    0.00660    0.00925    0.01301    0.01772    0.02345
   0.62493   -0.00130   -0.00130   -0.00281   -0.00317    0.00407    0.00627    0.00882    0.01243    0.01699    0.02255
   0.62666   -0.00123   -0.00123   -0.00266   -0.00300    0.00386    0.00596    0.00840    0.01187    0.01627    0.02167
   0.62839   -0.00115   -0.00116   -0.00251   -0.00283    0.00366    0.00566    0.00799    0.01133    0.01557    0.02081
   0.63012   -0.00109   -0.00109   -0.00238   -0.00268    0.00347    0.00537    0.00760    0.01080    0.01489    0.01996
   0.63185   -0.00102   -0.00102   -0.00224   -0.00253    0.00328    0.00509    0.00722    0.01029    0.01422    0.01913
   0.63358   -0.00096   -0.00096   -0.00212   -0.00239    0.00310    0.00483    0.00686    0.00979    0.01358    0.01832
   0.63531   -0.00090   -0.00090   -0.00200   -0.00225    0.00293    0.00457    0.00651    0.00931    0.01295    0.01752
   0.63704   -0.00085   -0.00085   -0.00188   -0.00212    0.00277    0.00432    0.00617    0.00885    0.01234    0.01674
   0.63878   -0.00080   -0.00080   -0.00177   -0.00200    0.00262    0.00408    0.00584    0.00840    0.01174    0.01599
   0.64051   -0.00075   -0.00075   -0.00167   -0.00188    0.00247    0.00386    0.00553    0.00797    0.01116    0.01524
   0.64224   -0.00070   -0.00070   -0.00157   -0.00177    0.00233    0.00364    0.00523    0.00755    0.01061    0.01452
   0.64397   -0.00065   -0.00066   -0.00147   -0.00166    0.00219    0.00343    0.00494    0.00715    0.01006    0.01382
   0.64570   -0.00061   -0.00061   -0.00138   -0.00156    0.00206    0.00323    0.00466    0.00676    0.00954    0.01313
   0.64743   -0.00057   -0.00057   -0.00130   -0.00146    0.00194    0.00304    0.00439    0.00638    0.00903    0.01246
   0.64916   -0.00053   -0.00053   -0.00121   -0.00137    0.00182    0.00286    0.00413    0.00602    0.00854    0.01182
   0.65089   -0.00050   -0.00050   -0.00113   -0.00128    0.00170    0.00268    0.00389    0.00567    0.00806    0.01118
   0.65262   -0.00046   -0.00046   -0.00106   -0.00120    0.00160    0.00251    0.00365    0.00534    0.00760    0.01057
   0.65436   -0.00043   -0.00043   -0.00099   -0.00112    0.00149    0.00235    0.00342    0.00502    0.00716    0.00998
   0.65609   -0.00040   -0.00040   -0.00092   -0.00104    0.00139    0.00220    0.00321    0.00471    0.00673    0.00940
   0.65782   -0.00037   -0.00037   -0.00086   -0.00097    0.00130    0.00205    0.00300    0.00441    0.00632    0.00884
   0.65955   -0.00035   -0.00035   -0.00080   -0.00090    0.00121    0.00191    0.00280    0.00412    0.00592    0.00830
   0.66128   -0.00032   -0.00032   -0.00074   -0.00084    0.00112    0.00178    0.00261    0.00384    0.00553    0.00777
   0.66301   -0.00029   -0.00030   -0.00068   -0.00077    0.00104    0.00165    0.00242    0.00358    0.00515    0.00726
   0.66474   -0.00027   -0.00027   -0.00063   -0.00072    0.00096    0.00153    0.00224    0.00332    0.00479    0.00676
   0.66647   -0.00025   -0.00025   -0.00058   -0.00066    0.00089    0.00141    0.00208    0.00307    0.00444    0.00628
   0.66820   -0.00023   -0.00023   -0.00053   -0.00060    0.00082    0.00130    0.00191    0.00284    0.00411    0.00581
   0.66994   -0.00021   -0.00021   -0.00049   -0.00055    0.00075    0.00119    0.00176    0.00261    0.00378    0.00536
   0.67167   -0.00019   -0.00019   -0.00045   -0.00050    0.00068    0.00109    0.00160    0.00239    0.00346    0.00492
   0.67340   -0.00017   -0.00017   -0.00040   -0.00046    0.00062    0.00099    0.00146    0.00217    0.00316    0.00449
   0.67513   -0.00015   -0.00015   -0.00036   -0.00041    0.00056    0.00089    0.00132    0.00197    0.00286    0.00407
   0.67686   -0.00014   -0.00014   -0.00033   -0.00037    0.00050    0.00080    0.00118    0.00177    0.00257    0.00366
   0.67859   -0.00012   -0.00012   -0.00029   -0.00033    0.00045    0.00071    0.00105    0.00157    0.00229    0.00327
   0.68032   -0.00011   -0.00011   -0.00025   -0.00029    0.00039    0.00062    0.00092    0.00138    0.00202    0.00288
   0.68205   -0.00009   -0.00009   -0.00022   -0.00025    0.00034    0.00054    0.00080    0.00120    0.00175    0.00250
   0.68378   -0.00008   -0.00008   -0.00019   -0.00021    0.00029    0.00046    0.00068    0.00102    0.00149    0.00213
   0.68552   -0.00006   -0.00006   -0.00015   -0.00017    0.00024    0.00038    0.00056    0.00084    0.00123    0.00176
   0.68725   -0.00005   -0.00005   -0.00012   -0.00014    0.00019    0.00030    0.00045    0.00067    0.00098    0.00140
   0.68898   -0.00004   -0.00004   -0.00009   -0.00010    0.00014    0.00022    0.00033    0.00050    0.00073    0.00105
   0.69071   -0.00003   -0.00003   -0.00006   -0.00007    0.00009    0.00015    0.00022    0.00033    0.00049    0.00070
   0.69244   -0.00001   -0.00001   -0.00003   -0.00003    0.00005    0.00007    0.00011    0.00017    0.00024    0.00035
