 -0.69105512000000002        1.3768289010131394     
 -0.68967024000000010        1.3571431687793112     
 -0.68828536000000007        1.3376221017613297     
 -0.68690048000000004        1.3182647847049047     
 -0.68551560000000000        1.2990703062157909     
 -0.68413072000000008        1.2800377587408871     
 -0.68274584000000005        1.2611662385494498     
 -0.68136096000000002        1.2424548457144660     
 -0.67997608000000009        1.2239026840940888     
 -0.67859120000000006        1.2055088613132945     
 -0.67720632000000003        1.1872724887455721     
 -0.67582144000000011        1.1691926814947777     
 -0.67443656000000007        1.1512685583771276     
 -0.67305168000000004        1.1334992419032748     
 -0.67166680000000001        1.1158838582605348     
 -0.67028192000000009        1.0984215372952253     
 -0.66889704000000005        1.0811114124951064     
 -0.66751216000000002        1.0639526209719978     
 -0.66612728000000010        1.0469443034444019     
 -0.66474240000000007        1.0300856042203748     
 -0.66335752000000003        1.0133756711804249     
 -0.66197264000000011       0.99681365576054404     
 -0.66058776000000008       0.98039871293538638     
 -0.65920288000000005       0.96413000120150905     
 -0.65781800000000001       0.94800668256076648     
 -0.65643312000000009       0.93202792250379751     
 -0.65504824000000006       0.91619288999361892     
 -0.65366336000000003       0.90050075744935221     
 -0.65227848000000010       0.88495070073004101     
 -0.65089360000000007       0.86954189911854662     
 -0.64950872000000004       0.85427353530564965     
 -0.64812384000000001       0.83914479537413555     
 -0.64673896000000008       0.82415486878306332     
 -0.64535408000000005       0.80930294835212635     
 -0.64396920000000002       0.79458823024610759     
 -0.64258432000000010       0.78000991395944119     
 -0.64119944000000006       0.76556720230086306     
 -0.63981456000000003       0.75125930137821229     
 -0.63842968000000000       0.73708542058328064     
 -0.63704480000000008       0.72304477257677036     
 -0.63565992000000004       0.70913657327338875     
 -0.63427504000000001       0.69536004182700140     
 -0.63289016000000009       0.68171440061590793     
 -0.63150528000000006       0.66819887522820842     
 -0.63012040000000002       0.65481269444725498     
 -0.62873552000000010       0.64155509023723489     
 -0.62735064000000007       0.62842529772880162     
 -0.62596576000000004       0.61542255520483202     
 -0.62458088000000012       0.60254610408628828     
 -0.62319600000000008       0.58979518891812965     
 -0.62181112000000005       0.57716905735536983     
 -0.62042624000000002       0.56466696014918050     
 -0.61904136000000010       0.55228815113312457     
 -0.61765648000000006       0.54003188720944806     
 -0.61627160000000003       0.52789742833549091     
 -0.61488672000000011       0.51588403751016898     
 -0.61350184000000008       0.50399098076054116     
 -0.61211696000000004       0.49221752712850098     
 -0.61073208000000001       0.48056294865749827     
 -0.60934720000000009       0.46902652037939596     
 -0.60796232000000006       0.45760752030141383     
 -0.60657744000000002       0.44630522939309714     
 -0.60519256000000010       0.43511893157346471     
 -0.60380768000000007       0.42404791369815342     
 -0.60242280000000004       0.41309146554671550     
 -0.60103792000000000       0.40224887980994417     
 -0.59965304000000008       0.39151945207733796     
 -0.59826816000000005       0.38090248082458444     
 -0.59688328000000002       0.37039726740118439     
 -0.59549840000000009       0.36000311601812207     
 -0.59411352000000006       0.34971933373563857     
 -0.59272864000000003       0.33954523045104246     
 -0.59134376000000000       0.32948011888666784     
 -0.58995888000000007       0.31952331457785021     
 -0.58857400000000004       0.30967413586101955     
 -0.58718912000000001       0.29993190386184132     
 -0.58580424000000009       0.29029594248346413     
 -0.58441936000000005       0.28076557839483129     
 -0.58303448000000002       0.27134014101905279     
 -0.58164960000000010       0.26201896252188206     
 -0.58026472000000007       0.25280137780026202     
 -0.57887984000000003       0.24368672447091555     
 -0.57749496000000011       0.23467434285904787     
 -0.57611008000000008       0.22576357598710750     
 -0.57472520000000005       0.21695376956361478     
 -0.57334032000000001       0.20824427197207918     
 -0.57195544000000009       0.19963443425997163     
 -0.57057056000000006       0.19112361012777335     
 -0.56918568000000003       0.18271115591810450     
 -0.56780080000000011       0.17439643060491505     
 -0.56641592000000007       0.16617879578275208     
 -0.56503104000000004       0.15805761565608201     
 -0.56364616000000001       0.15003225702871248     
 -0.56226128000000009       0.14210208929324253     
 -0.56087640000000005       0.13426648442061406     
 -0.55949152000000002       0.12652481694972195     
 -0.55810664000000010       0.11887646397708451     
 -0.55672176000000007       0.11132080514658860     
 -0.55533688000000003       0.10385722263928621     
 -0.55395200000000000        9.6485101163292342E-002
 -0.55256712000000008        8.9203827943707736E-002
 -0.55118224000000005        8.2012792712621518E-002
 -0.54979736000000012        7.4911387699205356E-002
 -0.54841248000000009        6.7899007619809382E-002
 -0.54702760000000006        6.0975049668206438E-002
 -0.54564272000000003        5.4138913505808794E-002
 -0.54425783999999999        4.7390001252028746E-002
 -0.54287296000000007        4.0727717474647207E-002
 -0.54148808000000004        3.4151469180266680E-002
 -0.54010320000000012        2.7660665804819295E-002
 -0.53871832000000008        2.1254719204144124E-002
 -0.53733344000000005        1.4933043644627553E-002
 -0.53594856000000002        8.6950557938783035E-003
 -0.53456367999999999        2.5401747114894846E-003
 -0.53317880000000006       -3.5321781601327373E-003
 -0.53179392000000003       -9.5225790049227044E-003
 -0.53040904000000011       -1.5431601642205806E-002
 -0.52902416000000008       -2.1259817535715264E-002
 -0.52763928000000004       -2.7007795802542311E-002
 -0.52625440000000001       -3.2676103222025077E-002
 -0.52486952000000009       -3.8265304244601062E-002
 -0.52348464000000006       -4.3775961000569019E-002
 -0.52209976000000002       -4.9208633308825966E-002
 -0.52071488000000010       -5.4563878685522482E-002
 -0.51933000000000007       -5.9842252352692249E-002
 -0.51794512000000004       -6.5044307246788335E-002
 -0.51656024000000000       -7.0170594027193722E-002
 -0.51517536000000008       -7.5221661084673208E-002
 -0.51379048000000005       -8.0198054549753373E-002
 -0.51240560000000002       -8.5100318301073230E-002
 -0.51102072000000009       -8.9928993973653171E-002
 -0.50963584000000006       -9.4684620967151467E-002
 -0.50825096000000003       -9.9367736454010647E-002
 -0.50686608000000000      -0.10397887538761275     
 -0.50548120000000007      -0.10851857051033331     
 -0.50409632000000004      -0.11298735236157587     
 -0.50271144000000012      -0.11738574928573264     
 -0.50132656000000009      -0.12171428744011425     
 -0.49994168000000005      -0.12597349080280562     
 -0.49855680000000002      -0.13016388118049349     
 -0.49717192000000004      -0.13428597821623889     
 -0.49578704000000007      -0.13834029939717141     
 -0.49440216000000003      -0.14232736006219238     
 -0.49301728000000006      -0.14624767340956080     
 -0.49163240000000008      -0.15010175050448549     
 -0.49024752000000005      -0.15389010028664529     
 -0.48886264000000001      -0.15761322957764534     
 -0.48747776000000009      -0.16127164308846531     
 -0.48609288000000006      -0.16486584342682420     
 -0.48470800000000003      -0.16839633110451402     
 -0.48332312000000005      -0.17186360454468375     
 -0.48193824000000007      -0.17526816008907797     
 -0.48055336000000004      -0.17861049200522494     
 -0.47916848000000006      -0.18189109249358548     
 -0.47778360000000009      -0.18511045169464690     
 -0.47639872000000005      -0.18826905769597868     
 -0.47501384000000002      -0.19136739653924550     
 -0.47362896000000004      -0.19440595222716084     
 -0.47224408000000007      -0.19738520673041382     
 -0.47085920000000003      -0.20030563999453754     
 -0.46947432000000006      -0.20316772994674714     
 -0.46808944000000008      -0.20597195250272105     
 -0.46670456000000005      -0.20871878157334134     
 -0.46531968000000001      -0.21140868907140664     
 -0.46393480000000009      -0.21404214491827123     
 -0.46254992000000006      -0.21661961705046728     
 -0.46116504000000003      -0.21914157142628810     
 -0.45978016000000005      -0.22160847203230016     
 -0.45839528000000007      -0.22402078088983934     
 -0.45701040000000004      -0.22637895806146258     
 -0.45562552000000006      -0.22868346165733922     
 -0.45424064000000008      -0.23093474784163082     
 -0.45285576000000005      -0.23313327083880253     
 -0.45147088000000002      -0.23527948293991496     
 -0.45008600000000004      -0.23737383450886185     
 -0.44870112000000006      -0.23941677398857042     
 -0.44731624000000003      -0.24140874790716893     
 -0.44593136000000005      -0.24335020088410975     
 -0.44454648000000008      -0.24524157563625071     
 -0.44316160000000004      -0.24708331298389741     
 -0.44177672000000007      -0.24887585185682504     
 -0.44039184000000003      -0.25061962930022030     
 -0.43900696000000006      -0.25231508048063667     
 -0.43762208000000008      -0.25396263869186608     
 -0.43623720000000005      -0.25556273536080898     
 -0.43485232000000007      -0.25711580005327495     
 -0.43346744000000004      -0.25862226047977099     
 -0.43208256000000006      -0.26008254250124452     
 -0.43069768000000003      -0.26149707013477830     
 -0.42931280000000005      -0.26286626555926773     
 -0.42792792000000007      -0.26419054912105189     
 -0.42654304000000004      -0.26547033933950370     
 -0.42515816000000006      -0.26670605291259086     
 -0.42377328000000003      -0.26789810472240827     
 -0.42238840000000005      -0.26904690784064655     
 -0.42100352000000008      -0.27015287353407302     
 -0.41961864000000004      -0.27121641126992380     
 -0.41823376000000007      -0.27223792872129859     
 -0.41684888000000003      -0.27321783177251202     
 -0.41546400000000006      -0.27415652452439687     
 -0.41407912000000008      -0.27505440929959946     
 -0.41269424000000005      -0.27591188664780564     
 -0.41130936000000007      -0.27672935535096865     
 -0.40992448000000004      -0.27750721242848275     
 -0.40853960000000006      -0.27824585314232220     
 -0.40715472000000008      -0.27894567100216339     
 -0.40576984000000005      -0.27960705777045369     
 -0.40438496000000007      -0.28023040346746519     
 -0.40300008000000004      -0.28081609637630045     
 -0.40161520000000006      -0.28136452304787962     
 -0.40023032000000003      -0.28187606830588763     
 -0.39884544000000005      -0.28235111525168932     
 -0.39746056000000007      -0.28279004526921314     
 -0.39607568000000004      -0.28319323802980678     
 -0.39469080000000006      -0.28356107149706000     
 -0.39330592000000003      -0.28389392193159457     
 -0.39192104000000005      -0.28419216389581869     
 -0.39053616000000008      -0.28445617025866543     
 -0.38915128000000004      -0.28468631220027918     
 -0.38776640000000007      -0.28488295921669371     
 -0.38638152000000003      -0.28504647912446357     
 -0.38499664000000006      -0.28517723806527062     
 -0.38361176000000008      -0.28527560051050260     
 -0.38222688000000005      -0.28534192926580326     
 -0.38084200000000007      -0.28537658547558475     
 -0.37945712000000004      -0.28537992862752093     
 -0.37807224000000006      -0.28535231655699755     
 -0.37668736000000003      -0.28529410545155853     
 -0.37530248000000005      -0.28520564985528951     
 -0.37391760000000007      -0.28508730267319837     
 -0.37253272000000004      -0.28493941517555976     
 -0.37114784000000006      -0.28476233700223030     
 -0.36976296000000003      -0.28455641616693050     
 -0.36837808000000005      -0.28432199906151023     
 -0.36699320000000007      -0.28405943046017379     
 -0.36560832000000004      -0.28376905352369208     
 -0.36422344000000006      -0.28345120980356597     
 -0.36283856000000003      -0.28310623924618783     
 -0.36145368000000005      -0.28273448019695469     
 -0.36006880000000008      -0.28233626940436229     
 -0.35868392000000004      -0.28191194202407432     
 -0.35729904000000007      -0.28146183162296223     
 -0.35591416000000003      -0.28098627018311984     
 -0.35452928000000006      -0.28048558810584945     
 -0.35314440000000008      -0.27996011421562050     
 -0.35175952000000005      -0.27941017576401306     
 -0.35037464000000007      -0.27883609843361334     
 -0.34898976000000004      -0.27823820634190666     
 -0.34760488000000006      -0.27761682204512805     
 -0.34622000000000003      -0.27697226654210105     
 -0.34483512000000005      -0.27630485927803505     
 -0.34345024000000007      -0.27561491814831518     
 -0.34206536000000004      -0.27490275950224863     
 -0.34068048000000006      -0.27416869814680078     
 -0.33929560000000003      -0.27341304735030425     
 -0.33791072000000005      -0.27263611884612970     
 -0.33652584000000008      -0.27183822283635140     
 -0.33514096000000004      -0.27101966799537491     
 -0.33375608000000007      -0.27018076147354808     
 -0.33237120000000003      -0.26932180890073987     
 -0.33098632000000006      -0.26844311438990287     
 -0.32960144000000008      -0.26754498054060916     
 -0.32821656000000005      -0.26662770844256078     
 -0.32683168000000007      -0.26569159767907902     
 -0.32544680000000004      -0.26473694633056821     
 -0.32406192000000006      -0.26376405097795619     
 -0.32267704000000003      -0.26277320670611637     
 -0.32129216000000005      -0.26176470710725708     
 -0.31990728000000007      -0.26073884428429839     
 -0.31852240000000004      -0.25969590885421701     
 -0.31713752000000006      -0.25863618995137605     
 -0.31575264000000003      -0.25755997523082819     
 -0.31436776000000005      -0.25646755087159612     
 -0.31298288000000007      -0.25535920157992864     
 -0.31159800000000004      -0.25423521059254384     
 -0.31021312000000006      -0.25309585967983850     
 -0.30882824000000003      -0.25194142914908202     
 -0.30744336000000005      -0.25077219784758720     
 -0.30605848000000008      -0.24958844316586015     
 -0.30467360000000004      -0.24839044104072494     
 -0.30328872000000007      -0.24717846595843129     
 -0.30190384000000003      -0.24595279095773970     
 -0.30051896000000006      -0.24471368763298162     
 -0.29913408000000008      -0.24346142613710287     
 -0.29774920000000005      -0.24219627518468467     
 -0.29636432000000007      -0.24091850205494270     
 -0.29497944000000004      -0.23962837259470593     
 -0.29359456000000006      -0.23832615122137701     
 -0.29220968000000003      -0.23701210092586633     
 -0.29082480000000005      -0.23568648327550878     
 -0.28943992000000007      -0.23434955841696548     
 -0.28805504000000004      -0.23300158507909607     
 -0.28667016000000006      -0.23164282057581387     
 -0.28528528000000003      -0.23027352080892372     
 -0.28390040000000005      -0.22889394027093979     
 -0.28251552000000008      -0.22750433204787668     
 -0.28113064000000004      -0.22610494782203028     
 -0.27974576000000007      -0.22469603787473291     
 -0.27836088000000003      -0.22327785108908915     
 -0.27697600000000006      -0.22185063495269519     
 -0.27559112000000008      -0.22041463556033691     
 -0.27420624000000005      -0.21897009761666708     
 -0.27282136000000007      -0.21751726443886588     
 -0.27143648000000004      -0.21605637795928212     
 -0.27005160000000006      -0.21458767872805629     
 -0.26866672000000003      -0.21311140591571776     
 -0.26728184000000005      -0.21162779731577674     
 -0.26589696000000007      -0.21013708934728226     
 -0.26451208000000004      -0.20863951705737227     
 -0.26312720000000006      -0.20713531412380304     
 -0.26174232000000003      -0.20562471285745509     
 -0.26035744000000005      -0.20410794420482725     
 -0.25897256000000007      -0.20258523775050996     
 -0.25758768000000004      -0.20105682171963735     
 -0.25620280000000006      -0.19952292298032703     
 -0.25481792000000003      -0.19798376704609844     
 -0.25343304000000005      -0.19643957807827261     
 -0.25204816000000008      -0.19489057888835748     
 -0.25066328000000004      -0.19333699094040990     
 -0.24927840000000007      -0.19177903435338917     
 -0.24789352000000003      -0.19021692790347955     
 -0.24650864000000006      -0.18865088902641114     
 -0.24512376000000008      -0.18708113381975000     
 -0.24373888000000005      -0.18550787704517746     
 -0.24235400000000007      -0.18393133213075541     
 -0.24096912000000004      -0.18235171117316074     
 -0.23958424000000006      -0.18076922493992287     
 -0.23819936000000003      -0.17918408287162602     
 -0.23681448000000005      -0.17759649308410563     
 -0.23542960000000007      -0.17600666237062401     
 -0.23404472000000004      -0.17441479620402811     
 -0.23265984000000006      -0.17282109873889584     
 -0.23127496000000003      -0.17122577281365747     
 -0.22989008000000005      -0.16962901995271107     
 -0.22850520000000007      -0.16803104036850902     
 -0.22712032000000004      -0.16643203296364106     
 -0.22573544000000006      -0.16483219533289262     
 -0.22435056000000003      -0.16323172376528827     
 -0.22296568000000005      -0.16163081324612105     
 -0.22158080000000008      -0.16002965745896525     
 -0.22019592000000004      -0.15842844878767104     
 -0.21881104000000007      -0.15682737831834781     
 -0.21742616000000003      -0.15522663584132546     
 -0.21604128000000006      -0.15362640985310638     
 -0.21465640000000002      -0.15202688755829397     
 -0.21327152000000005      -0.15042825487151656     
 -0.21188664000000007      -0.14883069641932423     
 -0.21050176000000004      -0.14723439554207651     
 -0.20911688000000006      -0.14563953429581566     
 -0.20773200000000003      -0.14404629345411624     
 -0.20634712000000005      -0.14245485250993539     
 -0.20496224000000007      -0.14086538967742834     
 -0.20357736000000004      -0.13927808189376345     
 -0.20219248000000006      -0.13769310482091690     
 -0.20080760000000003      -0.13611063284744995     
 -0.19942272000000005      -0.13453083909027796     
 -0.19803784000000008      -0.13295389539641567     
 -0.19665296000000004      -0.13137997234471599     
 -0.19526808000000007      -0.12980923924758858     
 -0.19388320000000003      -0.12824186415270722     
 -0.19249832000000006      -0.12667801384469846     
 -0.19111344000000008      -0.12511785384681884     
 -0.18972856000000005      -0.12356154842261879     
 -0.18834368000000001      -0.12200926057758688     
 -0.18695880000000009      -0.12046115206078456     
 -0.18557392000000006      -0.11891738336646518     
 -0.18418904000000003      -0.11737811373567697     
 -0.18280416000000010      -0.11584350115785369     
 -0.18141928000000007      -0.11431370237239058     
 -0.18003440000000004      -0.11278887287020578     
 -0.17864952000000001      -0.11126916689528910     
 -0.17726464000000008      -0.10975473744623365     
 -0.17587976000000005      -0.10824573627775691     
 -0.17449488000000002      -0.10674231390220623     
 -0.17311000000000010      -0.10524461959105080     
 -0.17172512000000006      -0.10375280137635889     
 -0.17034024000000003      -0.10226700605226280     
 -0.16895536000000000      -0.10078737917640990     
 -0.16757048000000008       -9.9314065071398727E-002
 -0.16618560000000004       -9.7847206826201627E-002
 -0.16480072000000001       -9.6386946297576603E-002
 -0.16341584000000009       -9.4933424111462328E-002
 -0.16203096000000006       -9.3486779664360364E-002
 -0.16064608000000002       -9.2047151124705406E-002
 -0.15926120000000010       -9.0614675434221748E-002
 -0.15787632000000007       -8.9189488309264209E-002
 -0.15649144000000004       -8.7771724242148963E-002
 -0.15510656000000000       -8.6361516502470592E-002
 -0.15372168000000008       -8.4958997138402936E-002
 -0.15233680000000005       -8.3564296977989616E-002
 -0.15095192000000002       -8.2177545630422788E-002
 -0.14956704000000010       -8.0798871487304802E-002
 -0.14818216000000006       -7.9428401723899311E-002
 -0.14679728000000003       -7.8066262300370393E-002
 -0.14541240000000000       -7.6712577963005457E-002
 -0.14402752000000008       -7.5367472245430445E-002
 -0.14264264000000004       -7.4031067469805090E-002
 -0.14125776000000001       -7.2703484748012859E-002
 -0.13987288000000009       -7.1384843982833179E-002
 -0.13848800000000006       -7.0075263869101845E-002
 -0.13710312000000002       -6.8774861894861206E-002
 -0.13571824000000010       -6.7483754342494928E-002
 -0.13433336000000007       -6.6202056289850764E-002
 -0.13294848000000004       -6.4929881611352325E-002
 -0.13156360000000000       -6.3667342979096375E-002
 -0.13017872000000008       -6.2414551863939016E-002
 -0.12879384000000005       -6.1171618536568995E-002
 -0.12740896000000002       -5.9938652068568021E-002
 -0.12602408000000009       -5.8715760333460987E-002
 -0.12463920000000006       -5.7503050007749523E-002
 -0.12325432000000003       -5.6300626571938905E-002
 -0.12186944000000011       -5.5108594311547909E-002
 -0.12048456000000007       -5.3927056318108679E-002
 -0.11909968000000004       -5.2756114490154771E-002
 -0.11771480000000001       -5.1595869534195982E-002
 -0.11632992000000009       -5.0446420965681749E-002
 -0.11494504000000005       -4.9307867109951220E-002
 -0.11356016000000002       -4.8180305103174115E-002
 -0.11217528000000010       -4.7063830893276259E-002
 -0.11079040000000007       -4.5958539240855079E-002
 -0.10940552000000003       -4.4864523720083482E-002
 -0.10802064000000000       -4.3781876719600099E-002
 -0.10663576000000008       -4.2710689443389294E-002
 -0.10525088000000005       -4.1651051911648640E-002
 -0.10386600000000001       -4.0603052961644126E-002
 -0.10248112000000009       -3.9566780248554922E-002
 -0.10109624000000006       -3.8542320246305051E-002
  -9.9711360000000027E-002  -3.7529758248383810E-002
  -9.8326480000000105E-002  -3.6529178368655185E-002
  -9.6941600000000072E-002  -3.5540663542153961E-002
  -9.5556720000000039E-002  -3.4564295525871869E-002
  -9.4171840000000007E-002  -3.3600154899531498E-002
  -9.2786960000000085E-002  -3.2648321066348157E-002
  -9.1402080000000052E-002  -3.1708872253780940E-002
  -9.0017200000000019E-002  -3.0781885514271662E-002
  -8.8632320000000098E-002  -2.9867436725972862E-002
  -8.7247440000000065E-002  -2.8965600593463203E-002
  -8.5862560000000032E-002  -2.8076450648453377E-002
  -8.4477679999999999E-002  -2.7200059250478470E-002
  -8.3092800000000078E-002  -2.6336497587580415E-002
  -8.1707920000000045E-002  -2.5485835676977819E-002
  -8.0323040000000012E-002  -2.4648142365725878E-002
  -7.8938160000000090E-002  -2.3823485331363942E-002
  -7.7553280000000058E-002  -2.3011931082551590E-002
  -7.6168400000000025E-002  -2.2213544959694298E-002
  -7.4783520000000103E-002  -2.1428391135557334E-002
  -7.3398640000000070E-002  -2.0656532615868001E-002
  -7.2013760000000038E-002  -1.9898031239907535E-002
  -7.0628880000000005E-002  -1.9152947681091242E-002
  -6.9244000000000083E-002  -1.8421341447537404E-002
  -6.7859120000000051E-002  -1.7703270882624994E-002
  -6.6474240000000018E-002  -1.6998793165540843E-002
  -6.5089360000000096E-002  -1.6307964311814888E-002
  -6.3704480000000063E-002  -1.5630839173844668E-002
  -6.2319600000000031E-002  -1.4967471441408794E-002
  -6.0934719999999998E-002  -1.4317913642169264E-002
  -5.9549840000000076E-002  -1.3682217142162528E-002
  -5.8164960000000043E-002  -1.3060432146279721E-002
  -5.6780080000000011E-002  -1.2452607698736101E-002
  -5.5395200000000089E-002  -1.1858791683528783E-002
  -5.4010320000000056E-002  -1.1279030824884156E-002
  -5.2625440000000023E-002  -1.0713370687693985E-002
  -5.1240560000000102E-002  -1.0161855677940743E-002
  -4.9855680000000069E-002  -9.6245290431115071E-003
  -4.8470800000000036E-002  -9.1014328726017682E-003
  -4.7085920000000003E-002  -8.5926080981075098E-003
  -4.5701040000000082E-002  -8.0980944940068703E-003
  -4.4316160000000049E-002  -7.6179306777305125E-003
  -4.2931280000000016E-002  -7.1521541101216210E-003
  -4.1546400000000094E-002  -6.7008010957847058E-003
  -4.0161520000000062E-002  -6.2639067834232773E-003
  -3.8776640000000029E-002  -5.8415051661674447E-003
  -3.7391759999999996E-002  -5.4336290818899208E-003
  -3.6006880000000074E-002  -5.0403102135116312E-003
  -3.4622000000000042E-002  -4.6615790892962639E-003
  -3.3237120000000009E-002  -4.2974650831343296E-003
  -3.1852240000000087E-002  -3.9479964148161177E-003
  -3.0467360000000054E-002  -3.6132001502939166E-003
  -2.9082480000000022E-002  -3.2931022019337085E-003
  -2.7697600000000100E-002  -2.9877273287558098E-003
  -2.6312720000000067E-002  -2.6970991366648163E-003
  -2.4927840000000034E-002  -2.4212400786689740E-003
  -2.3542960000000002E-002  -2.1601714550886046E-003
  -2.2158080000000080E-002  -1.9139134137538677E-003
  -2.0773200000000047E-002  -1.6824849501917549E-003
  -1.9388320000000014E-002  -1.4659039078025390E-003
  -1.8003440000000093E-002  -1.2641869780252463E-003
  -1.6618560000000060E-002  -1.0773497004925433E-003
  -1.5233680000000027E-002  -9.0540646317500886E-004
  -1.3848800000000105E-002  -7.4837050251455508E-004
  -1.2463920000000073E-002  -6.0625390354718820E-004
  -1.1079040000000040E-002  -4.7906760001516658E-004
  -9.6941600000000072E-003  -3.6682137446837236E-004
  -8.3092800000000855E-003  -2.6952385835504722E-004
  -6.9244000000000527E-003  -1.8718253210180309E-004
  -5.5395200000000200E-003  -1.1980372518303963E-004
  -4.1546400000000983E-003  -6.7392616179600881E-005
  -2.7697600000000655E-003  -2.9953232826786350E-005
  -1.3848800000000328E-003  -7.4884520517188728E-006
   0.0000000000000000        0.0000000000000000     
   1.3848799999999217E-003  -7.4884520517176667E-006
   2.7697599999999545E-003  -2.9953232826783965E-005
   4.1546399999999872E-003  -6.7392616179597195E-005
   5.5395199999999090E-003  -1.1980372518303496E-004
   6.9243999999999417E-003  -1.8718253210179723E-004
   8.3092799999999745E-003  -2.6952385835503963E-004
   9.6941599999998962E-003  -3.6682137446836455E-004
   1.1079039999999929E-002  -4.7906760001515704E-004
   1.2463919999999962E-002  -6.0625390354717736E-004
   1.3848799999999994E-002  -7.4837050251454207E-004
   1.5233679999999916E-002  -9.0540646317499585E-004
   1.6618559999999949E-002  -1.0773497004925286E-003
   1.8003439999999982E-002  -1.2641869780252290E-003
   1.9388319999999903E-002  -1.4659039078025200E-003
   2.0773199999999936E-002  -1.6824849501917358E-003
   2.2158079999999969E-002  -1.9139134137538469E-003
   2.3542960000000002E-002  -2.1601714550886046E-003
   2.4927839999999923E-002  -2.4212400786689514E-003
   2.6312719999999956E-002  -2.6970991366647920E-003
   2.7697599999999989E-002  -2.9877273287557855E-003
   2.9082479999999911E-002  -3.2931022019336807E-003
   3.0467359999999943E-002  -3.6132001502938889E-003
   3.1852239999999976E-002  -3.9479964148160900E-003
   3.3237119999999898E-002  -4.2974650831342984E-003
   3.4621999999999931E-002  -4.6615790892962361E-003
   3.6006879999999963E-002  -5.0403102135115965E-003
   3.7391759999999996E-002  -5.4336290818899208E-003
   3.8776639999999918E-002  -5.8415051661674169E-003
   4.0161519999999951E-002  -6.2639067834232426E-003
   4.1546399999999983E-002  -6.7008010957846573E-003
   4.2931279999999905E-002  -7.1521541101215863E-003
   4.4316159999999938E-002  -7.6179306777304778E-003
   4.5701039999999971E-002  -8.0980944940068286E-003
   4.7085920000000003E-002  -8.5926080981075098E-003
   4.8470799999999925E-002  -9.1014328726017266E-003
   4.9855679999999958E-002  -9.6245290431114516E-003
   5.1240559999999991E-002  -1.0161855677940694E-002
   5.2625439999999912E-002  -1.0713370687693943E-002
   5.4010319999999945E-002  -1.1279030824884115E-002
   5.5395199999999978E-002  -1.1858791683528755E-002
   5.6780079999999900E-002  -1.2452607698736060E-002
   5.8164959999999932E-002  -1.3060432146279680E-002
   5.9549839999999965E-002  -1.3682217142162459E-002
   6.0934719999999998E-002  -1.4317913642169264E-002
   6.2319599999999920E-002  -1.4967471441408753E-002
   6.3704479999999952E-002  -1.5630839173844627E-002
   6.5089359999999985E-002  -1.6307964311814860E-002
   6.6474239999999907E-002  -1.6998793165540788E-002
   6.7859119999999939E-002  -1.7703270882624939E-002
   6.9243999999999972E-002  -1.8421341447537334E-002
   7.0628879999999894E-002  -1.9152947681091173E-002
   7.2013759999999927E-002  -1.9898031239907493E-002
   7.3398639999999959E-002  -2.0656532615867917E-002
   7.4783519999999992E-002  -2.1428391135557251E-002
   7.6168399999999914E-002  -2.2213544959694215E-002
   7.7553279999999947E-002  -2.3011931082551507E-002
   7.8938159999999979E-002  -2.3823485331363886E-002
   8.0323039999999901E-002  -2.4648142365725795E-002
   8.1707919999999934E-002  -2.5485835676977736E-002
   8.3092799999999967E-002  -2.6336497587580332E-002
   8.4477679999999999E-002  -2.7200059250478470E-002
   8.5862559999999921E-002  -2.8076450648453322E-002
   8.7247439999999954E-002  -2.8965600593463120E-002
   8.8632319999999987E-002  -2.9867436725972751E-002
   9.0017199999999908E-002  -3.0781885514271606E-002
   9.1402079999999941E-002  -3.1708872253780801E-002
   9.2786959999999974E-002  -3.2648321066348157E-002
   9.4171839999999896E-002  -3.3600154899531415E-002
   9.5556719999999928E-002  -3.4564295525871758E-002
   9.6941599999999961E-002  -3.5540663542153822E-002
   9.8326479999999994E-002  -3.6529178368655130E-002
   9.9711359999999916E-002  -3.7529758248383782E-002
  0.10109623999999995       -3.8542320246304940E-002
  0.10248111999999998       -3.9566780248554811E-002
  0.10386599999999990       -4.0603052961644015E-002
  0.10525087999999994       -4.1651051911648529E-002
  0.10663575999999997       -4.2710689443389294E-002
  0.10802064000000000       -4.3781876719600099E-002
  0.10940551999999992       -4.4864523720083427E-002
  0.11079039999999996       -4.5958539240855079E-002
  0.11217527999999999       -4.7063830893276148E-002
  0.11356015999999991       -4.8180305103174004E-002
  0.11494503999999994       -4.9307867109951109E-002
  0.11632991999999998       -5.0446420965681582E-002
  0.11771479999999990       -5.1595869534195871E-002
  0.11909967999999993       -5.2756114490154660E-002
  0.12048455999999996       -5.3927056318108568E-002
  0.12186944000000000       -5.5108594311547798E-002
  0.12325431999999992       -5.6300626571938850E-002
  0.12463919999999995       -5.7503050007749468E-002
  0.12602407999999998       -5.8715760333460876E-002
  0.12740895999999990       -5.9938652068567910E-002
  0.12879383999999994       -6.1171618536568773E-002
  0.13017871999999997       -6.2414551863938961E-002
  0.13156360000000000       -6.3667342979096375E-002
  0.13294847999999992       -6.4929881611352158E-002
  0.13433335999999996       -6.6202056289850597E-002
  0.13571823999999999       -6.7483754342494873E-002
  0.13710311999999991       -6.8774861894861095E-002
  0.13848799999999994       -7.0075263869101512E-002
  0.13987287999999998       -7.1384843982832957E-002
  0.14125775999999990       -7.2703484748012859E-002
  0.14264263999999993       -7.4031067469804979E-002
  0.14402751999999996       -7.5367472245430445E-002
  0.14541240000000000       -7.6712577963005457E-002
  0.14679727999999992       -7.8066262300370282E-002
  0.14818215999999995       -7.9428401723899089E-002
  0.14956703999999998       -8.0798871487304691E-002
  0.15095191999999991       -8.2177545630422677E-002
  0.15233679999999994       -8.3564296977989505E-002
  0.15372167999999997       -8.4958997138402825E-002
  0.15510656000000000       -8.6361516502470592E-002
  0.15649143999999993       -8.7771724242148852E-002
  0.15787631999999996       -8.9189488309264098E-002
  0.15926119999999999       -9.0614675434221525E-002
  0.16064607999999991       -9.2047151124705295E-002
  0.16203095999999995       -9.3486779664360364E-002
  0.16341583999999998       -9.4933424111462217E-002
  0.16480071999999990       -9.6386946297576603E-002
  0.16618559999999993       -9.7847206826201516E-002
  0.16757047999999997       -9.9314065071398505E-002
  0.16895536000000000      -0.10078737917640990     
  0.17034023999999992      -0.10226700605226269     
  0.17172511999999995      -0.10375280137635878     
  0.17310999999999999      -0.10524461959105091     
  0.17449487999999991      -0.10674231390220601     
  0.17587975999999994      -0.10824573627775691     
  0.17726463999999997      -0.10975473744623354     
  0.17864951999999990      -0.11126916689528910     
  0.18003439999999993      -0.11278887287020578     
  0.18141927999999996      -0.11431370237239047     
  0.18280415999999999      -0.11584350115785369     
  0.18418903999999992      -0.11737811373567675     
  0.18557391999999995      -0.11891738336646551     
  0.18695879999999998      -0.12046115206078445     
  0.18834367999999990      -0.12200926057758665     
  0.18972855999999994      -0.12356154842261868     
  0.19111343999999997      -0.12511785384681884     
  0.19249832000000000      -0.12667801384469846     
  0.19388319999999992      -0.12824186415270700     
  0.19526807999999996      -0.12980923924758869     
  0.19665295999999999      -0.13137997234471555     
  0.19803783999999991      -0.13295389539641522     
  0.19942271999999994      -0.13453083909027796     
  0.20080759999999998      -0.13611063284745006     
  0.20219247999999990      -0.13769310482091657     
  0.20357735999999993      -0.13927808189376345     
  0.20496223999999996      -0.14086538967742812     
  0.20634711999999999      -0.14245485250993517     
  0.20773199999999992      -0.14404629345411646     
  0.20911687999999995      -0.14563953429581544     
  0.21050175999999998      -0.14723439554207673     
  0.21188663999999990      -0.14883069641932423     
  0.21327151999999994      -0.15042825487151634     
  0.21465639999999997      -0.15202688755829397     
  0.21604128000000000      -0.15362640985310616     
  0.21742615999999992      -0.15522663584132546     
  0.21881103999999996      -0.15682737831834759     
  0.22019591999999999      -0.15842844878767082     
  0.22158079999999991      -0.16002965745896502     
  0.22296567999999994      -0.16163081324612083     
  0.22435055999999998      -0.16323172376528805     
  0.22573543999999990      -0.16483219533289262     
  0.22712031999999993      -0.16643203296364106     
  0.22850519999999996      -0.16803104036850902     
  0.22989008000000000      -0.16962901995271085     
  0.23127495999999992      -0.17122577281365747     
  0.23265983999999995      -0.17282109873889584     
  0.23404471999999998      -0.17441479620402811     
  0.23542959999999991      -0.17600666237062357     
  0.23681447999999994      -0.17759649308410586     
  0.23819935999999997      -0.17918408287162602     
  0.23958424000000000      -0.18076922493992265     
  0.24096911999999993      -0.18235171117316051     
  0.24235399999999996      -0.18393133213075497     
  0.24373887999999999      -0.18550787704517768     
  0.24512375999999991      -0.18708113381974956     
  0.24650863999999995      -0.18865088902641092     
  0.24789351999999998      -0.19021692790347933     
  0.24927839999999990      -0.19177903435338872     
  0.25066327999999993      -0.19333699094041035     
  0.25204815999999997      -0.19489057888835726     
  0.25343304000000000      -0.19643957807827239     
  0.25481791999999992      -0.19798376704609821     
  0.25620279999999995      -0.19952292298032637     
  0.25758767999999999      -0.20105682171963712     
  0.25897255999999991      -0.20258523775050952     
  0.26035743999999994      -0.20410794420482659     
  0.26174231999999997      -0.20562471285745532     
  0.26312720000000001      -0.20713531412380259     
  0.26451207999999993      -0.20863951705737227     
  0.26589695999999996      -0.21013708934728204     
  0.26728183999999999      -0.21162779731577674     
  0.26866671999999991      -0.21311140591571753     
  0.27005159999999995      -0.21458767872805629     
  0.27143647999999998      -0.21605637795928234     
  0.27282135999999990      -0.21751726443886588     
  0.27420623999999993      -0.21897009761666730     
  0.27559111999999997      -0.22041463556033714     
  0.27697600000000000      -0.22185063495269497     
  0.27836087999999992      -0.22327785108908893     
  0.27974575999999995      -0.22469603787473313     
  0.28113063999999999      -0.22610494782203050     
  0.28251551999999991      -0.22750433204787623     
  0.28390039999999994      -0.22889394027093957     
  0.28528527999999997      -0.23027352080892394     
  0.28667015999999990      -0.23164282057581387     
  0.28805503999999993      -0.23300158507909652     
  0.28943991999999996      -0.23434955841696548     
  0.29082479999999999      -0.23568648327550878     
  0.29220967999999992      -0.23701210092586589     
  0.29359455999999995      -0.23832615122137746     
  0.29497943999999998      -0.23962837259470637     
  0.29636431999999990      -0.24091850205494270     
  0.29774919999999994      -0.24219627518468423     
  0.29913407999999997      -0.24346142613710242     
  0.30051896000000000      -0.24471368763298162     
  0.30190383999999992      -0.24595279095773925     
  0.30328871999999996      -0.24717846595843129     
  0.30467359999999999      -0.24839044104072494     
  0.30605847999999991      -0.24958844316585971     
  0.30744335999999994      -0.25077219784758675     
  0.30882823999999987      -0.25194142914908202     
  0.31021311999999990      -0.25309585967983850     
  0.31159799999999993      -0.25423521059254339     
  0.31298287999999996      -0.25535920157992864     
  0.31436776000000000      -0.25646755087159612     
  0.31575264000000003      -0.25755997523082819     
  0.31713752000000006      -0.25863618995137605     
  0.31852239999999987      -0.25969590885421701     
  0.31990727999999991      -0.26073884428429794     
  0.32129215999999994      -0.26176470710725752     
  0.32267703999999997      -0.26277320670611592     
  0.32406192000000000      -0.26376405097795619     
  0.32544680000000004      -0.26473694633056821     
  0.32683167999999985      -0.26569159767907902     
  0.32821655999999988      -0.26662770844256078     
  0.32960143999999991      -0.26754498054060916     
  0.33098631999999995      -0.26844311438990243     
  0.33237119999999998      -0.26932180890073942     
  0.33375608000000001      -0.27018076147354897     
  0.33514096000000004      -0.27101966799537491     
  0.33652583999999985      -0.27183822283635095     
  0.33791071999999989      -0.27263611884612926     
  0.33929559999999992      -0.27341304735030381     
  0.34068047999999995      -0.27416869814680123     
  0.34206535999999998      -0.27490275950224774     
  0.34345024000000002      -0.27561491814831518     
  0.34483512000000005      -0.27630485927803505     
  0.34621999999999986      -0.27697226654210105     
  0.34760487999999989      -0.27761682204512894     
  0.34898975999999993      -0.27823820634190666     
  0.35037463999999996      -0.27883609843361290     
  0.35175951999999999      -0.27941017576401306     
  0.35314440000000002      -0.27996011421562050     
  0.35452928000000006      -0.28048558810584945     
  0.35591415999999987      -0.28098627018311939     
  0.35729903999999990      -0.28146183162296179     
  0.35868391999999993      -0.28191194202407432     
  0.36006879999999997      -0.28233626940436229     
  0.36145368000000000      -0.28273448019695469     
  0.36283856000000003      -0.28310623924618783     
  0.36422343999999984      -0.28345120980356731     
  0.36560831999999988      -0.28376905352369208     
  0.36699319999999991      -0.28405943046017468     
  0.36837807999999994      -0.28432199906150979     
  0.36976295999999997      -0.28455641616693006     
  0.37114784000000001      -0.28476233700223030     
  0.37253272000000004      -0.28493941517555976     
  0.37391759999999985      -0.28508730267319793     
  0.37530247999999988      -0.28520564985528996     
  0.37668735999999992      -0.28529410545155853     
  0.37807223999999995      -0.28535231655699800     
  0.37945711999999998      -0.28537992862752004     
  0.38084200000000001      -0.28537658547558431     
  0.38222688000000005      -0.28534192926580326     
  0.38361175999999986      -0.28527560051050216     
  0.38499663999999989      -0.28517723806527062     
  0.38638151999999992      -0.28504647912446313     
  0.38776639999999996      -0.28488295921669460     
  0.38915127999999999      -0.28468631220027962     
  0.39053616000000002      -0.28445617025866543     
  0.39192104000000005      -0.28419216389581869     
  0.39330591999999986      -0.28389392193159280     
  0.39469079999999990      -0.28356107149706000     
  0.39607567999999993      -0.28319323802980545     
  0.39746055999999996      -0.28279004526921181     
  0.39884544000000000      -0.28235111525168932     
  0.40023032000000003      -0.28187606830588763     
  0.40161520000000006      -0.28136452304787962     
  0.40300007999999987      -0.28081609637629956     
  0.40438495999999990      -0.28023040346746431     
  0.40576983999999994      -0.27960705777045280     
  0.40715471999999997      -0.27894567100216250     
  0.40853960000000000      -0.27824585314232131     
  0.40992448000000004      -0.27750721242848275     
  0.41130935999999985      -0.27672935535096954     
  0.41269423999999988      -0.27591188664780564     
  0.41407911999999991      -0.27505440929959946     
  0.41546399999999994      -0.27415652452439865     
  0.41684887999999998      -0.27321783177251202     
  0.41823376000000001      -0.27223792872129859     
  0.41961864000000004      -0.27121641126992380     
  0.42100351999999985      -0.27015287353407391     
  0.42238839999999989      -0.26904690784064833     
  0.42377327999999992      -0.26789810472240738     
  0.42515815999999995      -0.26670605291259086     
  0.42654303999999998      -0.26547033933950459     
  0.42792792000000002      -0.26419054912105100     
  0.42931280000000005      -0.26286626555926773     
  0.43069767999999986      -0.26149707013477741     
  0.43208255999999989      -0.26008254250124452     
  0.43346743999999993      -0.25862226047977099     
  0.43485231999999996      -0.25711580005327583     
  0.43623719999999999      -0.25556273536081076     
  0.43762208000000002      -0.25396263869186697     
  0.43900696000000006      -0.25231508048063667     
  0.44039183999999987      -0.25061962930022030     
  0.44177671999999990      -0.24887585185682415     
  0.44316159999999993      -0.24708331298389918     
  0.44454647999999997      -0.24524157563625071     
  0.44593136000000000      -0.24335020088410975     
  0.44731624000000003      -0.24140874790716893     
  0.44870111999999984      -0.23941677398856953     
  0.45008599999999988      -0.23737383450886362     
  0.45147087999999991      -0.23527948293991674     
  0.45285575999999994      -0.23313327083880431     
  0.45424063999999997      -0.23093474784163170     
  0.45562552000000001      -0.22868346165733833     
  0.45701040000000004      -0.22637895806146258     
  0.45839527999999985      -0.22402078088984112     
  0.45978015999999988      -0.22160847203230016     
  0.46116503999999992      -0.21914157142628898     
  0.46254991999999995      -0.21661961705046640     
  0.46393479999999998      -0.21404214491827034     
  0.46531968000000001      -0.21140868907140664     
  0.46670456000000005      -0.20871878157334134     
  0.46808943999999986      -0.20597195250271927     
  0.46947431999999989      -0.20316772994674714     
  0.47085919999999992      -0.20030563999453666     
  0.47224407999999995      -0.19738520673041382     
  0.47362895999999999      -0.19440595222716084     
  0.47501384000000002      -0.19136739653924550     
  0.47639872000000005      -0.18826905769597868     
  0.47778359999999986      -0.18511045169464602     
  0.47916847999999990      -0.18189109249358371     
  0.48055335999999993      -0.17861049200522405     
  0.48193823999999996      -0.17526816008907709     
  0.48332311999999999      -0.17186360454468375     
  0.48470800000000003      -0.16839633110451402     
  0.48609288000000006      -0.16486584342682420     
  0.48747775999999987      -0.16127164308846709     
  0.48886263999999990      -0.15761322957764623     
  0.49024751999999994      -0.15389010028664440     
  0.49163239999999997      -0.15010175050448815     
  0.49301728000000000      -0.14624767340956168     
  0.49440216000000003      -0.14232736006219238     
  0.49578703999999985      -0.13834029939717496     
  0.49717191999999988      -0.13428597821623889     
  0.49855679999999991      -0.13016388118049527     
  0.49994167999999994      -0.12597349080280651     
  0.50132655999999998      -0.12171428744011425     
  0.50271144000000001      -0.11738574928573176     
  0.50409632000000004      -0.11298735236157587     
  0.50548119999999985      -0.10851857051033242     
  0.50686607999999989      -0.10397887538761186     
  0.50825095999999992       -9.9367736454011535E-002
  0.50963583999999995       -9.4684620967150579E-002
  0.51102071999999998       -8.9928993973656723E-002
  0.51240560000000002       -8.5100318301073230E-002
  0.51379048000000005       -8.0198054549753373E-002
  0.51517535999999986       -7.5221661084674096E-002
  0.51656023999999989       -7.0170594027196387E-002
  0.51794511999999993       -6.5044307246790112E-002
  0.51932999999999996       -5.9842252352692249E-002
  0.52071487999999999       -5.4563878685524259E-002
  0.52209976000000002       -4.9208633308825966E-002
  0.52348464000000006       -4.3775961000569019E-002
  0.52486951999999987       -3.8265304244601062E-002
  0.52625439999999990       -3.2676103222025077E-002
  0.52763927999999993       -2.7007795802544088E-002
  0.52902415999999997       -2.1259817535717040E-002
  0.53040904000000000       -1.5431601642206694E-002
  0.53179392000000003       -9.5225790049227044E-003
  0.53317879999999984       -3.5321781601327373E-003
  0.53456367999999987        2.5401747114903728E-003
  0.53594855999999991        8.6950557938774153E-003
  0.53733343999999994        1.4933043644627553E-002
  0.53871831999999997        2.1254719204144124E-002
  0.54010320000000001        2.7660665804820184E-002
  0.54148808000000004        3.4151469180266680E-002
  0.54287295999999985        4.0727717474648983E-002
  0.54425783999999988        4.7390001252028746E-002
  0.54564271999999991        5.4138913505807906E-002
  0.54702759999999995        6.0975049668201997E-002
  0.54841247999999998        6.7899007619809382E-002
  0.54979736000000001        7.4911387699203580E-002
  0.55118224000000005        8.2012792712621518E-002
  0.55256711999999986        8.9203827943706848E-002
  0.55395199999999989        9.6485101163294118E-002
  0.55533687999999992       0.10385722263928798     
  0.55672175999999995       0.11132080514658860     
  0.55810663999999999       0.11887646397708451     
  0.55949152000000002       0.12652481694972195     
  0.56087640000000005       0.13426648442061406     
  0.56226127999999986       0.14210208929324075     
  0.56364615999999990       0.15003225702871248     
  0.56503103999999993       0.15805761565608201     
  0.56641591999999996       0.16617879578275030     
  0.56780079999999999       0.17439643060491328     
  0.56918568000000003       0.18271115591810450     
  0.57057056000000006       0.19112361012777335     
  0.57195543999999987       0.19963443425996807     
  0.57334031999999990       0.20824427197207918     
  0.57472519999999994       0.21695376956361301     
  0.57611007999999997       0.22576357598710750     
  0.57749496000000000       0.23467434285904609     
  0.57887984000000003       0.24368672447091555     
  0.58026471999999985       0.25280137780026379     
  0.58164959999999988       0.26201896252188384     
  0.58303447999999991       0.27134014101905102     
  0.58441935999999994       0.28076557839482952     
  0.58580423999999998       0.29029594248346591     
  0.58718912000000001       0.29993190386184132     
  0.58857400000000004       0.30967413586101955     
  0.58995887999999985       0.31952331457785199     
  0.59134375999999989       0.32948011888666606     
  0.59272863999999992       0.33954523045104246     
  0.59411351999999995       0.34971933373563679     
  0.59549839999999998       0.36000311601812562     
  0.59688328000000002       0.37039726740118439     
  0.59826816000000005       0.38090248082458444     
  0.59965303999999986       0.39151945207733618     
  0.60103791999999989       0.40224887980994417     
  0.60242279999999993       0.41309146554671372     
  0.60380767999999996       0.42404791369815520     
  0.60519255999999999       0.43511893157346471     
  0.60657744000000002       0.44630522939309714     
  0.60796232000000006       0.45760752030141383     
  0.60934719999999987       0.46902652037939774     
  0.61073207999999990       0.48056294865749472     
  0.61211695999999993       0.49221752712849920     
  0.61350183999999996       0.50399098076054294     
  0.61488672000000000       0.51588403751016720     
  0.61627160000000003       0.52789742833549091     
  0.61765648000000006       0.54003188720944806     
  0.61904135999999987       0.55228815113312635     
  0.62042623999999991       0.56466696014918050     
  0.62181111999999994       0.57716905735537161     
  0.62319599999999997       0.58979518891812788     
  0.62458088000000000       0.60254610408628650     
  0.62596576000000004       0.61542255520483202     
  0.62735063999999985       0.62842529772879807     
  0.62873551999999988       0.64155509023723667     
  0.63012039999999991       0.65481269444725498     
  0.63150527999999995       0.66819887522820487     
  0.63289015999999998       0.68171440061590793     
  0.63427504000000001       0.69536004182700140     
  0.63565992000000004       0.70913657327338875     
  0.63704479999999986       0.72304477257676858     
  0.63842967999999989       0.73708542058328064     
  0.63981455999999992       0.75125930137821229     
  0.64119943999999995       0.76556720230086128     
  0.64258431999999999       0.78000991395943586     
  0.64396920000000002       0.79458823024610759     
  0.64535408000000005       0.80930294835212635     
  0.64673895999999986       0.82415486878305977     
  0.64812383999999990       0.83914479537413023     
  0.64950871999999993       0.85427353530564787     
  0.65089359999999996       0.86954189911854485     
  0.65227847999999999       0.88495070073003745     
  0.65366336000000003       0.90050075744935221     
  0.65504824000000006       0.91619288999361892     
  0.65643311999999987       0.93202792250379218     
  0.65781799999999990       0.94800668256076293     
  0.65920287999999994       0.96413000120150727     
  0.66058775999999997       0.98039871293538638     
  0.66197264000000000       0.99681365576054759     
  0.66335752000000003        1.0133756711804249     
  0.66474239999999984        1.0300856042203730     
  0.66612727999999988        1.0469443034443966     
  0.66751215999999991        1.0639526209719943     
  0.66889703999999994        1.0811114124951100     
  0.67028191999999998        1.0984215372952253     
  0.67166680000000001        1.1158838582605348     
  0.67305168000000004        1.1334992419032748     
  0.67443655999999985        1.1512685583771258     
  0.67582143999999988        1.1691926814947742     
  0.67720631999999992        1.1872724887455686     
  0.67859119999999995        1.2055088613132980     
  0.67997607999999998        1.2239026840940870     
  0.68136096000000002        1.2424548457144660     
  0.68274584000000005        1.2611662385494498     
  0.68413071999999986        1.2800377587408835     
  0.68551559999999989        1.2990703062157909     
  0.68690047999999992        1.3182647847049029     
  0.68828535999999996        1.3376221017613332     
  0.68967023999999999        1.3571431687793130     
  0.69105512000000002        1.3768289010131394     
  0.69244000000000006        1.3966802175961792     
