  -0.69071    0.00000    0.00000    0.00000    0.00000    0.00000    0.00000    0.00001    0.00002    0.00004    0.00008
  -0.68898    0.00000    0.00000    0.00000    0.00000    0.00001    0.00001    0.00003    0.00007    0.00015    0.00031
  -0.68725    0.00000    0.00000    0.00001    0.00001    0.00001    0.00003    0.00007    0.00016    0.00035    0.00070
  -0.68552    0.00000    0.00000    0.00001    0.00001    0.00002    0.00006    0.00013    0.00029    0.00062    0.00126
  -0.68378    0.00000    0.00000    0.00002    0.00002    0.00004    0.00009    0.00021    0.00046    0.00098    0.00199
  -0.68205    0.00000    0.00000    0.00002    0.00003    0.00005    0.00014    0.00030    0.00067    0.00143    0.00290
  -0.68032    0.00001    0.00001    0.00003    0.00004    0.00008    0.00019    0.00042    0.00093    0.00197    0.00399
  -0.67859    0.00001    0.00001    0.00004    0.00005    0.00010    0.00026    0.00056    0.00124    0.00262    0.00530
  -0.67686    0.00001    0.00001    0.00006    0.00007    0.00013    0.00033    0.00072    0.00160    0.00338    0.00681
  -0.67513    0.00001    0.00001    0.00007    0.00009    0.00017    0.00042    0.00091    0.00202    0.00425    0.00856
  -0.67340    0.00002    0.00002    0.00009    0.00011    0.00021    0.00052    0.00113    0.00250    0.00526    0.01056
  -0.67167    0.00002    0.00002    0.00011    0.00014    0.00025    0.00064    0.00138    0.00305    0.00640    0.01283
  -0.66994    0.00002    0.00002    0.00013    0.00017    0.00031    0.00077    0.00167    0.00368    0.00770    0.01539
  -0.66820    0.00003    0.00003    0.00016    0.00020    0.00037    0.00093    0.00200    0.00439    0.00916    0.01827
  -0.66647    0.00003    0.00003    0.00019    0.00024    0.00044    0.00110    0.00237    0.00519    0.01081    0.02148
  -0.66474    0.00004    0.00004    0.00022    0.00029    0.00052    0.00130    0.00279    0.00610    0.01265    0.02506
  -0.66301    0.00005    0.00005    0.00026    0.00034    0.00061    0.00152    0.00327    0.00711    0.01470    0.02903
  -0.66128    0.00006    0.00006    0.00031    0.00039    0.00071    0.00178    0.00380    0.00824    0.01699    0.03342
  -0.65955    0.00007    0.00007    0.00036    0.00046    0.00082    0.00206    0.00439    0.00951    0.01953    0.03826
  -0.65782    0.00008    0.00008    0.00042    0.00053    0.00095    0.00238    0.00506    0.01091    0.02234    0.04360
  -0.65609    0.00009    0.00009    0.00048    0.00062    0.00110    0.00274    0.00581    0.01248    0.02545    0.04946
  -0.65436    0.00011    0.00011    0.00056    0.00071    0.00126    0.00314    0.00664    0.01421    0.02887    0.05588
  -0.65262    0.00012    0.00012    0.00064    0.00082    0.00145    0.00359    0.00756    0.01613    0.03264    0.06289
  -0.65089    0.00014    0.00014    0.00073    0.00094    0.00165    0.00409    0.00859    0.01826    0.03679    0.07055
  -0.64916    0.00016    0.00016    0.00084    0.00107    0.00188    0.00465    0.00973    0.02060    0.04133    0.07888
  -0.64743    0.00019    0.00019    0.00096    0.00122    0.00214    0.00527    0.01099    0.02318    0.04630    0.08794
  -0.64570    0.00021    0.00022    0.00109    0.00139    0.00243    0.00597    0.01239    0.02602    0.05173    0.09776
  -0.64397    0.00025    0.00025    0.00124    0.00158    0.00275    0.00673    0.01393    0.02914    0.05765    0.10839
  -0.64224    0.00028    0.00028    0.00141    0.00179    0.00310    0.00758    0.01563    0.03255    0.06410    0.11987
  -0.64051    0.00032    0.00032    0.00159    0.00203    0.00349    0.00853    0.01750    0.03629    0.07111    0.13225
  -0.63878    0.00036    0.00037    0.00180    0.00229    0.00393    0.00957    0.01955    0.04038    0.07872    0.14558
  -0.63704    0.00041    0.00042    0.00203    0.00259    0.00441    0.01072    0.02181    0.04483    0.08696    0.15990
  -0.63531    0.00047    0.00047    0.00229    0.00292    0.00495    0.01198    0.02429    0.04969    0.09587    0.17525
  -0.63358    0.00053    0.00053    0.00258    0.00328    0.00554    0.01338    0.02700    0.05497    0.10549    0.19168
  -0.63185    0.00060    0.00060    0.00290    0.00368    0.00619    0.01491    0.02996    0.06071    0.11586    0.20924
  -0.63012    0.00068    0.00068    0.00325    0.00413    0.00691    0.01659    0.03319    0.06693    0.12702    0.22795
  -0.62839    0.00077    0.00077    0.00364    0.00462    0.00770    0.01843    0.03671    0.07367    0.13901    0.24787
  -0.62666    0.00086    0.00087    0.00407    0.00517    0.00857    0.02045    0.04055    0.08095    0.15187    0.26903
  -0.62493    0.00097    0.00098    0.00455    0.00578    0.00952    0.02266    0.04472    0.08882    0.16563    0.29146
  -0.62320    0.00109    0.00110    0.00508    0.00644    0.01057    0.02508    0.04925    0.09729    0.18035    0.31520
  -0.62146    0.00123    0.00124    0.00566    0.00718    0.01171    0.02771    0.05415    0.10642    0.19605    0.34026
  -0.61973    0.00138    0.00139    0.00630    0.00799    0.01296    0.03057    0.05947    0.11622    0.21277    0.36667
  -0.61800    0.00155    0.00156    0.00700    0.00888    0.01433    0.03369    0.06521    0.12674    0.23055    0.39445
  -0.61627    0.00173    0.00174    0.00778    0.00985    0.01582    0.03708    0.07140    0.13800    0.24942    0.42361
  -0.61454    0.00193    0.00195    0.00862    0.01092    0.01744    0.04075    0.07808    0.15005    0.26941    0.45415
  -0.61281    0.00216    0.00218    0.00955    0.01210    0.01921    0.04474    0.08527    0.16292    0.29056    0.48607
  -0.61108    0.00241    0.00243    0.01057    0.01338    0.02113    0.04905    0.09300    0.17664    0.31289    0.51936
  -0.60935    0.00269    0.00271    0.01169    0.01478    0.02321    0.05370    0.10129    0.19125    0.33642    0.55400
  -0.60762    0.00300    0.00302    0.01290    0.01632    0.02547    0.05873    0.11018    0.20677    0.36117    0.58997
  -0.60589    0.00333    0.00336    0.01423    0.01799    0.02791    0.06415    0.11969    0.22324    0.38715    0.62723
  -0.60415    0.00370    0.00373    0.01568    0.01981    0.03056    0.06998    0.12985    0.24069    0.41438    0.66573
  -0.60242    0.00411    0.00414    0.01725    0.02179    0.03341    0.07625    0.14069    0.25914    0.44285    0.70541
  -0.60069    0.00456    0.00459    0.01896    0.02394    0.03649    0.08298    0.15224    0.27862    0.47257    0.74622
  -0.59896    0.00505    0.00509    0.02082    0.02627    0.03981    0.09020    0.16453    0.29915    0.50352    0.78807
  -0.59723    0.00559    0.00563    0.02284    0.02880    0.04337    0.09792    0.17759    0.32076    0.53569    0.83088
  -0.59550    0.00619    0.00623    0.02502    0.03154    0.04721    0.10618    0.19143    0.34345    0.56907    0.87455
  -0.59377    0.00683    0.00688    0.02738    0.03451    0.05132    0.11500    0.20610    0.36725    0.60362    0.91896
  -0.59204    0.00754    0.00760    0.02994    0.03771    0.05572    0.12441    0.22160    0.39215    0.63929    0.96399
  -0.59031    0.00832    0.00838    0.03270    0.04116    0.06044    0.13442    0.23797    0.41817    0.67606    1.00951
  -0.58857    0.00916    0.00923    0.03567    0.04489    0.06548    0.14507    0.25523    0.44530    0.71385    1.05537
  -0.58684    0.01008    0.01015    0.03888    0.04890    0.07086    0.15638    0.27339    0.47355    0.75261    1.10142
  -0.58511    0.01109    0.01116    0.04233    0.05321    0.07660    0.16837    0.29247    0.50289    0.79226    1.14747
  -0.58338    0.01218    0.01226    0.04604    0.05784    0.08270    0.18106    0.31249    0.53331    0.83273    1.19337
  -0.58165    0.01336    0.01346    0.05002    0.06281    0.08920    0.19449    0.33345    0.56480    0.87391    1.23890
  -0.57992    0.01465    0.01475    0.05428    0.06813    0.09609    0.20866    0.35537    0.59731    0.91570    1.28389
  -0.57819    0.01605    0.01616    0.05885    0.07383    0.10341    0.22361    0.37825    0.63081    0.95800    1.32811
  -0.57646    0.01756    0.01769    0.06374    0.07992    0.11115    0.23934    0.40210    0.66527    1.00068    1.37136
  -0.57473    0.01920    0.01934    0.06896    0.08643    0.11934    0.25588    0.42690    0.70062    1.04361    1.41340
  -0.57299    0.02098    0.02112    0.07454    0.09336    0.12799    0.27324    0.45266    0.73682    1.08665    1.45403
  -0.57126    0.02289    0.02305    0.08048    0.10075    0.13712    0.29144    0.47936    0.77379    1.12964    1.49300
  -0.56953    0.02496    0.02513    0.08681    0.10862    0.14673    0.31048    0.50698    0.81147    1.17243    1.53007
  -0.56780    0.02719    0.02738    0.09354    0.11697    0.15684    0.33038    0.53551    0.84976    1.21486    1.56503
  -0.56607    0.02959    0.02979    0.10069    0.12584    0.16745    0.35114    0.56491    0.88859    1.25675    1.59763
  -0.56434    0.03218    0.03240    0.10827    0.13525    0.17859    0.37277    0.59516    0.92784    1.29791    1.62764
  -0.56261    0.03496    0.03520    0.11631    0.14521    0.19026    0.39526    0.62621    0.96742    1.33816    1.65483
  -0.56088    0.03794    0.03820    0.12482    0.15574    0.20246    0.41861    0.65803    1.00722    1.37731    1.67899
  -0.55915    0.04115    0.04143    0.13381    0.16687    0.21520    0.44282    0.69056    1.04710    1.41516    1.69990
  -0.55741    0.04458    0.04488    0.14331    0.17861    0.22849    0.46787    0.72375    1.08695    1.45152    1.71736
  -0.55568    0.04826    0.04859    0.15333    0.19098    0.24233    0.49375    0.75754    1.12662    1.48617    1.73117
  -0.55395    0.05219    0.05255    0.16388    0.20400    0.25672    0.52044    0.79185    1.16598    1.51892    1.74117
  -0.55222    0.05640    0.05678    0.17498    0.21768    0.27166    0.54792    0.82661    1.20487    1.54956    1.74719
  -0.55049    0.06089    0.06131    0.18665    0.23205    0.28715    0.57616    0.86175    1.24314    1.57790    1.74909
  -0.54876    0.06569    0.06613    0.19889    0.24712    0.30318    0.60513    0.89717    1.28064    1.60374    1.74676
  -0.54703    0.07079    0.07127    0.21173    0.26290    0.31974    0.63479    0.93278    1.31719    1.62689    1.74009
  -0.54530    0.07623    0.07675    0.22516    0.27941    0.33682    0.66509    0.96848    1.35264    1.64716    1.72900
  -0.54357    0.08202    0.08257    0.23921    0.29665    0.35442    0.69600    1.00416    1.38681    1.66438    1.71346
  -0.54183    0.08817    0.08876    0.25388    0.31464    0.37252    0.72746    1.03972    1.41953    1.67838    1.69344
  -0.54010    0.09470    0.09534    0.26919    0.33339    0.39110    0.75941    1.07504    1.45063    1.68901    1.66895
  -0.53837    0.10163    0.10231    0.28513    0.35289    0.41013    0.79179    1.10999    1.47993    1.69613    1.64002
  -0.53664    0.10897    0.10970    0.30171    0.37316    0.42961    0.82454    1.14446    1.50728    1.69961    1.60673
  -0.53491    0.11674    0.11752    0.31893    0.39420    0.44949    0.85757    1.17831    1.53249    1.69933    1.56917
  -0.53318    0.12496    0.12580    0.33681    0.41600    0.46975    0.89081    1.21142    1.55541    1.69522    1.52748
  -0.53145    0.13365    0.13454    0.35533    0.43856    0.49037    0.92419    1.24364    1.57588    1.68718    1.48183
  -0.52972    0.14282    0.14377    0.37449    0.46189    0.51129    0.95760    1.27483    1.59374    1.67518    1.43240
  -0.52799    0.15249    0.15351    0.39429    0.48596    0.53250    0.99097    1.30487    1.60885    1.65918    1.37942
  -0.52625    0.16268    0.16376    0.41473    0.51077    0.55393    1.02420    1.33360    1.62107    1.63918    1.32317
  -0.52452    0.17341    0.17456    0.43579    0.53631    0.57556    1.05718    1.36090    1.63027    1.61518    1.26392
  -0.52279    0.18470    0.18592    0.45746    0.56256    0.59733    1.08981    1.38661    1.63634    1.58724    1.20200
  -0.52106    0.19655    0.19785    0.47973    0.58949    0.61920    1.12198    1.41061    1.63918    1.55542    1.13776
  -0.51933    0.20900    0.21038    0.50259    0.61710    0.64111    1.15359    1.43275    1.63869    1.51980    1.07157
  -0.51760    0.22206    0.22352    0.52600    0.64534    0.66301    1.18452    1.45291    1.63480    1.48052    1.00382
  -0.51587    0.23573    0.23729    0.54995    0.67419    0.68483    1.21466    1.47095    1.62745    1.43772    0.93493
  -0.51414    0.25005    0.25169    0.57442    0.70362    0.70652    1.24390    1.48675    1.61660    1.39157    0.86533
  -0.51241    0.26502    0.26676    0.59938    0.73358    0.72802    1.27210    1.50021    1.60222    1.34226    0.79548
  -0.51067    0.28067    0.28251    0.62479    0.76405    0.74926    1.29916    1.51120    1.58430    1.29003    0.72584
  -0.50894    0.29700    0.29894    0.65063    0.79497    0.77018    1.32497    1.51962    1.56287    1.23511    0.65688
  -0.50721    0.31403    0.31607    0.67685    0.82630    0.79070    1.34939    1.52539    1.53795    1.17779    0.58908
  -0.50548    0.33177    0.33393    0.70342    0.85799    0.81077    1.37232    1.52841    1.50960    1.11836    0.52290
  -0.50375    0.35023    0.35251    0.73030    0.88998    0.83031    1.39364    1.52862    1.47789    1.05713    0.45882
  -0.50202    0.36943    0.37183    0.75743    0.92222    0.84924    1.41324    1.52596    1.44291    0.99444    0.39730
  -0.50029    0.38938    0.39190    0.78478    0.95464    0.86751    1.43101    1.52037    1.40479    0.93063    0.33880
  -0.49856    0.41009    0.41274    0.81229    0.98718    0.88503    1.44685    1.51182    1.36366    0.86609    0.28376
  -0.49683    0.43156    0.43434    0.83991    1.01978    0.90174    1.46066    1.50028    1.31968    0.80117    0.23258
  -0.49509    0.45380    0.45672    0.86758    1.05237    0.91756    1.47234    1.48575    1.27303    0.73628    0.18567
  -0.49336    0.47681    0.47988    0.89524    1.08486    0.93243    1.48181    1.46823    1.22391    0.67182    0.14339
  -0.49163    0.50061    0.50382    0.92284    1.11720    0.94628    1.48899    1.44775    1.17254    0.60817    0.10607
  -0.48990    0.52519    0.52856    0.95031    1.14929    0.95904    1.49380    1.42434    1.11915    0.54576    0.07400
  -0.48817    0.55056    0.55408    0.97759    1.18106    0.97065    1.49618    1.39805    1.06399    0.48497    0.04745
  -0.48644    0.57672    0.58039    1.00461    1.21243    0.98105    1.49606    1.36895    1.00735    0.42622    0.02662
  -0.48471    0.60366    0.60750    1.03130    1.24331    0.99017    1.49341    1.33713    0.94949    0.36988    0.01170
  -0.48298    0.63138    0.63539    1.05759    1.27363    0.99797    1.48817    1.30269    0.89072    0.31633    0.00280
  -0.48125    0.65988    0.66405    1.08342    1.30329    1.00438    1.48034    1.26574    0.83135    0.26595    0.00001
  -0.47951    0.68914    0.69350    1.10871    1.33220    1.00936    1.46988    1.22642    0.77169    0.21908    0.00333
  -0.47778    0.71917    0.72370    1.13338    1.36029    1.01287    1.45680    1.18487    0.71206    0.17604    0.01275
  -0.47605    0.74995    0.75466    1.15737    1.38745    1.01486    1.44110    1.14126    0.65281    0.13714    0.02818
  -0.47432    0.78146    0.78637    1.18061    1.41361    1.01531    1.42279    1.09576    0.59427    0.10266    0.04950
  -0.47259    0.81370    0.81880    1.20301    1.43869    1.01418    1.40191    1.04857    0.53676    0.07285    0.07650
  -0.47086    0.84665    0.85194    1.22452    1.46258    1.01145    1.37850    0.99988    0.48063    0.04792    0.10896
  -0.46913    0.88029    0.88578    1.24505    1.48521    1.00710    1.35261    0.94992    0.42620    0.02805    0.14659
  -0.46740    0.91460    0.92028    1.26453    1.50650    1.00112    1.32431    0.89890    0.37381    0.01340    0.18905
  -0.46567    0.94956    0.95544    1.28291    1.52636    0.99351    1.29369    0.84707    0.32376    0.00407    0.23596
  -0.46393    0.98514    0.99123    1.30010    1.54472    0.98426    1.26082    0.79467    0.27636    0.00014    0.28690
  -0.46220    1.02132    1.02761    1.31604    1.56150    0.97338    1.22583    0.74194    0.23190    0.00163    0.34139
  -0.46047    1.05806    1.06457    1.33067    1.57663    0.96090    1.18881    0.68915    0.19067    0.00853    0.39895
  -0.45874    1.09535    1.10207    1.34394    1.59003    0.94682    1.14991    0.63656    0.15292    0.02078    0.45904
  -0.45701    1.13315    1.14008    1.35577    1.60166    0.93119    1.10926    0.58444    0.11889    0.03831    0.52110
  -0.45528    1.17142    1.17857    1.36612    1.61143    0.91403    1.06701    0.53304    0.08881    0.06095    0.58456
  -0.45355    1.21014    1.21750    1.37493    1.61930    0.89539    1.02331    0.48263    0.06286    0.08855    0.64881
  -0.45182    1.24925    1.25683    1.38216    1.62522    0.87532    0.97835    0.43348    0.04121    0.12087    0.71325
  -0.45009    1.28873    1.29653    1.38776    1.62914    0.85387    0.93229    0.38585    0.02401    0.15767    0.77727
  -0.44835    1.32853    1.33654    1.39170    1.63103    0.83111    0.88532    0.33998    0.01138    0.19864    0.84026
  -0.44662    1.36861    1.37684    1.39394    1.63083    0.80712    0.83763    0.29614    0.00338    0.24346    0.90162
  -0.44489    1.40893    1.41738    1.39444    1.62854    0.78195    0.78943    0.25455    0.00009    0.29176    0.96074
  -0.44316    1.44945    1.45811    1.39319    1.62412    0.75571    0.74092    0.21545    0.00152    0.34315    1.01707
  -0.44143    1.49010    1.49898    1.39016    1.61756    0.72848    0.69230    0.17905    0.00766    0.39721    1.07004
  -0.43970    1.53086    1.53995    1.38534    1.60886    0.70034    0.64380    0.14556    0.01847    0.45349    1.11914
  -0.43797    1.57166    1.58096    1.37872    1.59800    0.67141    0.59561    0.11516    0.03388    0.51153    1.16388
  -0.43624    1.61246    1.62197    1.37030    1.58501    0.64179    0.54797    0.08803    0.05378    0.57084    1.20382
  -0.43451    1.65321    1.66293    1.36008    1.56988    0.61158    0.50108    0.06432    0.07802    0.63094    1.23856
  -0.43278    1.69385    1.70378    1.34807    1.55265    0.58089    0.45515    0.04416    0.10645    0.69132    1.26775
  -0.43104    1.73434    1.74447    1.33429    1.53333    0.54985    0.41040    0.02769    0.13885    0.75146    1.29109
  -0.42931    1.77462    1.78495    1.31875    1.51197    0.51857    0.36704    0.01498    0.17501    0.81087    1.30834
  -0.42758    1.81464    1.82516    1.30148    1.48860    0.48718    0.32527    0.00611    0.21467    0.86904    1.31931
  -0.42585    1.85434    1.86504    1.28251    1.46328    0.45579    0.28529    0.00115    0.25754    0.92547    1.32388
  -0.42412    1.89366    1.90456    1.26189    1.43606    0.42453    0.24728    0.00011    0.30331    0.97968    1.32200
  -0.42239    1.93256    1.94364    1.23965    1.40700    0.39353    0.21143    0.00300    0.35167    1.03121    1.31366
  -0.42066    1.97099    1.98224    1.21585    1.37619    0.36291    0.17791    0.00981    0.40226    1.07961    1.29894
  -0.41893    2.00887    2.02030    1.19055    1.34369    0.33280    0.14689    0.02049    0.45471    1.12447    1.27797
  -0.41720    2.04618    2.05776    1.16380    1.30958    0.30332    0.11851    0.03499    0.50865    1.16540    1.25093
  -0.41546    2.08284    2.09458    1.13568    1.27397    0.27460    0.09291    0.05320    0.56369    1.20203    1.21810
  -0.41373    2.11880    2.13070    1.10625    1.23695    0.24674    0.07023    0.07503    0.61942    1.23406    1.17977
  -0.41200    2.15403    2.16607    1.07560    1.19861    0.21988    0.05056    0.10034    0.67544    1.26119    1.13632
  -0.41027    2.18845    2.20063    1.04380    1.15908    0.19412    0.03402    0.12897    0.73133    1.28319    1.08817
  -0.40854    2.22203    2.23435    1.01095    1.11845    0.16958    0.02067    0.16075    0.78670    1.29986    1.03579
  -0.40681    2.25472    2.26716    0.97714    1.07686    0.14635    0.01060    0.19549    0.84112    1.31104    0.97969
  -0.40508    2.28646    2.29901    0.94245    1.03441    0.12454    0.00384    0.23297    0.89421    1.31665    0.92043
  -0.40335    2.31721    2.32988    0.90700    0.99124    0.10424    0.00044    0.27296    0.94556    1.31661    0.85858
  -0.40162    2.34693    2.35970    0.87087    0.94747    0.08554    0.00041    0.31522    0.99481    1.31093    0.79476
  -0.39988    2.37558    2.38843    0.83419    0.90324    0.06851    0.00374    0.35948    1.04158    1.29964    0.72960
  -0.39815    2.40310    2.41604    0.79705    0.85869    0.05325    0.01044    0.40548    1.08553    1.28284    0.66374
  -0.39642    2.42947    2.44248    0.75957    0.81394    0.03980    0.02045    0.45291    1.12632    1.26067    0.59785
  -0.39469    2.45464    2.46771    0.72185    0.76914    0.02823    0.03373    0.50150    1.16367    1.23331    0.53257
  -0.39296    2.47858    2.49171    0.68401    0.72443    0.01860    0.05021    0.55094    1.19729    1.20099    0.46857
  -0.39123    2.50125    2.51443    0.64617    0.67994    0.01094    0.06981    0.60092    1.22693    1.16399    0.40647
  -0.38950    2.52263    2.53584    0.60844    0.63582    0.00528    0.09242    0.65114    1.25237    1.12263    0.34690
  -0.38777    2.54268    2.55592    0.57093    0.59220    0.00165    0.11793    0.70127    1.27342    1.07726    0.29045
  -0.38604    2.56138    2.57463    0.53376    0.54922    0.00007    0.14622    0.75101    1.28993    1.02827    0.23770
  -0.38430    2.57870    2.59196    0.49705    0.50702    0.00055    0.17713    0.80004    1.30176    0.97608    0.18916
  -0.38257    2.59461    2.60788    0.46090    0.46573    0.00308    0.21050    0.84808    1.30883    0.92115    0.14532
  -0.38084    2.60911    2.62236    0.42543    0.42548    0.00765    0.24617    0.89480    1.31109    0.86394    0.10663
  -0.37911    2.62218    2.63540    0.39075    0.38641    0.01424    0.28396    0.93993    1.30853    0.80495    0.07347
  -0.37738    2.63379    2.64698    0.35697    0.34863    0.02282    0.32366    0.98319    1.30115    0.74470    0.04618
  -0.37565    2.64393    2.65709    0.32418    0.31226    0.03336    0.36507    1.02430    1.28902    0.68370    0.02502
  -0.37392    2.65260    2.66571    0.29250    0.27743    0.04580    0.40799    1.06301    1.27222    0.62248    0.01022
  -0.37219    2.65979    2.67284    0.26202    0.24425    0.06009    0.45220    1.09909    1.25088    0.56157    0.00191
  -0.37046    2.66550    2.67848    0.23283    0.21281    0.07618    0.49746    1.13231    1.22517    0.50149    0.00019
  -0.36872    2.66972    2.68261    0.20503    0.18322    0.09398    0.54355    1.16246    1.19526    0.44278    0.00506
  -0.36699    2.67245    2.68526    0.17870    0.15558    0.11342    0.59023    1.18937    1.16138    0.38594    0.01649
  -0.36526    2.67370    2.68641    0.15392    0.12997    0.13442    0.63727    1.21287    1.12379    0.33145    0.03435
  -0.36353    2.67347    2.68607    0.13077    0.10648    0.15687    0.68443    1.23281    1.08276    0.27979    0.05847
  -0.36180    2.67177    2.68425    0.10933    0.08518    0.18070    0.73146    1.24908    1.03860    0.23140    0.08861
  -0.36007    2.66861    2.68097    0.08965    0.06613    0.20578    0.77814    1.26158    0.99163    0.18671    0.12446
  -0.35834    2.66400    2.67623    0.07180    0.04940    0.23201    0.82422    1.27024    0.94221    0.14610    0.16567
  -0.35661    2.65797    2.67005    0.05583    0.03504    0.25928    0.86948    1.27500    0.89069    0.10992    0.21182
  -0.35488    2.65052    2.66245    0.04180    0.02310    0.28746    0.91368    1.27586    0.83746    0.07847    0.26247
  -0.35314    2.64167    2.65345    0.02974    0.01360    0.31645    0.95662    1.27280    0.78292    0.05204    0.31709
  -0.35141    2.63145    2.64306    0.01969    0.00660    0.34610    0.99808    1.26585    0.72745    0.03084    0.37516
  -0.34968    2.61989    2.63132    0.01168    0.00209    0.37630    1.03784    1.25505    0.67148    0.01507    0.43609
  -0.34795    2.60700    2.61825    0.00574    0.00010    0.40692    1.07573    1.24049    0.61541    0.00485    0.49929
  -0.34622    2.59281    2.60388    0.00188    0.00064    0.43782    1.11155    1.22226    0.55964    0.00027    0.56412
  -0.34449    2.57736    2.58823    0.00012    0.00370    0.46887    1.14513    1.20047    0.50460    0.00137    0.62994
  -0.34276    2.56067    2.57134    0.00046    0.00928    0.49995    1.17631    1.17527    0.45068    0.00814    0.69612
  -0.34103    2.54278    2.55324    0.00290    0.01735    0.53092    1.20494    1.14682    0.39827    0.02053    0.76199
  -0.33930    2.52371    2.53396    0.00743    0.02789    0.56166    1.23089    1.11528    0.34776    0.03842    0.82692
  -0.33756    2.50352    2.51355    0.01403    0.04087    0.59203    1.25403    1.08088    0.29951    0.06167    0.89026
  -0.33583    2.48223    2.49204    0.02270    0.05626    0.62192    1.27426    1.04381    0.25387    0.09009    0.95140
  -0.33410    2.45988    2.46946    0.03340    0.07400    0.65119    1.29149    1.00430    0.21117    0.12342    1.00974
  -0.33237    2.43650    2.44585    0.04611    0.09404    0.67974    1.30565    0.96262    0.17171    0.16139    1.06472
  -0.33064    2.41215    2.42126    0.06079    0.11633    0.70744    1.31667    0.91900    0.13579    0.20369    1.11581
  -0.32891    2.38686    2.39573    0.07739    0.14079    0.73419    1.32451    0.87372    0.10366    0.24995    1.16251
  -0.32718    2.36067    2.36929    0.09587    0.16737    0.75988    1.32914    0.82705    0.07554    0.29979    1.20438
  -0.32545    2.33363    2.34200    0.11618    0.19597    0.78441    1.33056    0.77928    0.05164    0.35280    1.24101
  -0.32372    2.30577    2.31389    0.13826    0.22653    0.80768    1.32876    0.73071    0.03213    0.40853    1.27207
  -0.32198    2.27714    2.28501    0.16205    0.25895    0.82961    1.32376    0.68161    0.01714    0.46653    1.29726
  -0.32025    2.24779    2.25540    0.18749    0.29315    0.85011    1.31561    0.63229    0.00678    0.52630    1.31634
  -0.31852    2.21775    2.22510    0.21450    0.32902    0.86911    1.30436    0.58304    0.00113    0.58737    1.32915
  -0.31679    2.18707    2.19417    0.24302    0.36647    0.88653    1.29006    0.53415    0.00023    0.64923    1.33557
  -0.31506    2.15580    2.16264    0.27297    0.40540    0.90232    1.27280    0.48593    0.00407    0.71137    1.33555
  -0.31333    2.12398    2.13055    0.30428    0.44570    0.91642    1.25267    0.43864    0.01264    0.77329    1.32911
  -0.31160    2.09165    2.09796    0.33685    0.48726    0.92878    1.22979    0.39257    0.02587    0.83448    1.31632
  -0.30987    2.05886    2.06490    0.37061    0.52998    0.93936    1.20426    0.34800    0.04368    0.89445    1.29732
  -0.30814    2.02565    2.03143    0.40547    0.57374    0.94813    1.17623    0.30517    0.06593    0.95273    1.27230
  -0.30640    1.99206    1.99758    0.44135    0.61843    0.95507    1.14583    0.26434    0.09248    1.00883    1.24151
  -0.30467    1.95813    1.96339    0.47815    0.66394    0.96016    1.11321    0.22574    0.12315    1.06231    1.20526
  -0.30294    1.92392    1.92891    0.51579    0.71014    0.96338    1.07855    0.18960    0.15773    1.11276    1.16391
  -0.30121    1.88945    1.89418    0.55417    0.75694    0.96473    1.04201    0.15612    0.19597    1.15976    1.11787
  -0.29948    1.85477    1.85924    0.59320    0.80420    0.96423    1.00376    0.12550    0.23763    1.20296    1.06758
  -0.29775    1.81991    1.82413    0.63279    0.85181    0.96188    0.96400    0.09791    0.28243    1.24202    1.01353
  -0.29602    1.78493    1.78888    0.67285    0.89967    0.95771    0.92292    0.07350    0.33006    1.27664    0.95624
  -0.29429    1.74985    1.75355    0.71329    0.94766    0.95173    0.88070    0.05241    0.38020    1.30655    0.89626
  -0.29256    1.71471    1.71816    0.75402    0.99566    0.94399    0.83755    0.03476    0.43253    1.33154    0.83417
  -0.29082    1.67956    1.68275    0.79494    1.04358    0.93452    0.79368    0.02065    0.48669    1.35141    0.77055
  -0.28909    1.64441    1.64736    0.83597    1.09129    0.92338    0.74928    0.01015    0.54234    1.36602    0.70601
  -0.28736    1.60932    1.61202    0.87702    1.13870    0.91060    0.70457    0.00332    0.59910    1.37528    0.64116
  -0.28563    1.57431    1.57677    0.91800    1.18570    0.89626    0.65973    0.00021    0.65662    1.37913    0.57661
  -0.28390    1.53941    1.54163    0.95882    1.23219    0.88041    0.61499    0.00082    0.71451    1.37755    0.51296
  -0.28217    1.50465    1.50664    0.99942    1.27808    0.86312    0.57054    0.00516    0.77241    1.37057    0.45081
  -0.28044    1.47007    1.47182    1.03970    1.32328    0.84447    0.52657    0.01320    0.82994    1.35827    0.39074
  -0.27871    1.43570    1.43722    1.07959    1.36768    0.82453    0.48329    0.02489    0.88674    1.34076    0.33330
  -0.27698    1.40155    1.40284    1.11901    1.41122    0.80338    0.44089    0.04018    0.94246    1.31819    0.27903
  -0.27524    1.36766    1.36873    1.15788    1.45380    0.78112    0.39955    0.05899    0.99673    1.29075    0.22843
  -0.27351    1.33405    1.33490    1.19615    1.49534    0.75782    0.35944    0.08121    1.04923    1.25868    0.18195
  -0.27178    1.30074    1.30138    1.23374    1.53578    0.73358    0.32075    0.10673    1.09964    1.22223    0.14003
  -0.27005    1.26776    1.26820    1.27058    1.57503    0.70850    0.28364    0.13542    1.14763    1.18170    0.10305
  -0.26832    1.23513    1.23536    1.30662    1.61305    0.68266    0.24826    0.16713    1.19293    1.13743    0.07134
  -0.26659    1.20287    1.20290    1.34180    1.64975    0.65617    0.21476    0.20170    1.23525    1.08975    0.04518
  -0.26486    1.17099    1.17082    1.37607    1.68510    0.62912    0.18329    0.23894    1.27435    1.03905    0.02483
  -0.26313    1.13952    1.13916    1.40936    1.71903    0.60161    0.15397    0.27869    1.31001    0.98572    0.01045
  -0.26140    1.10847    1.10793    1.44164    1.75150    0.57374    0.12692    0.32072    1.34200    0.93019    0.00217
  -0.25967    1.07786    1.07713    1.47286    1.78246    0.54562    0.10226    0.36484    1.37016    0.87288    0.00008
  -0.25793    1.04770    1.04679    1.50298    1.81187    0.51734    0.08008    0.41083    1.39432    0.81424    0.00419
  -0.25620    1.01800    1.01691    1.53197    1.83970    0.48899    0.06047    0.45846    1.41435    0.75471    0.01446
  -0.25447    0.98877    0.98752    1.55978    1.86592    0.46069    0.04351    0.50749    1.43015    0.69474    0.03080
  -0.25274    0.96003    0.95861    1.58638    1.89051    0.43252    0.02926    0.55770    1.44165    0.63480    0.05307
  -0.25101    0.93178    0.93020    1.61176    1.91343    0.40458    0.01779    0.60885    1.44879    0.57533    0.08107
  -0.24928    0.90404    0.90231    1.63589    1.93469    0.37697    0.00913    0.66067    1.45154    0.51678    0.11457
  -0.24755    0.87681    0.87492    1.65874    1.95425    0.34976    0.00333    0.71295    1.44992    0.45959    0.15326
  -0.24582    0.85009    0.84806    1.68030    1.97212    0.32307    0.00039    0.76542    1.44395    0.40417    0.19682
  -0.24409    0.82390    0.82173    1.70056    1.98828    0.29696    0.00033    0.81785    1.43369    0.35095    0.24487
  -0.24235    0.79824    0.79592    1.71950    2.00274    0.27152    0.00316    0.87000    1.41921    0.30031    0.29700
  -0.24062    0.77310    0.77066    1.73712    2.01550    0.24684    0.00886    0.92162    1.40063    0.25262    0.35277
  -0.23889    0.74850    0.74593    1.75341    2.02656    0.22299    0.01741    0.97249    1.37808    0.20822    0.41170
  -0.23716    0.72443    0.72174    1.76838    2.03594    0.20004    0.02878    1.02238    1.35170    0.16744    0.47329
  -0.23543    0.70090    0.69809    1.78201    2.04365    0.17806    0.04293    1.07107    1.32167    0.13058    0.53703
  -0.23370    0.67791    0.67498    1.79433    2.04970    0.15712    0.05981    1.11835    1.28819    0.09789    0.60238
  -0.23197    0.65545    0.65241    1.80532    2.05411    0.13728    0.07935    1.16401    1.25146    0.06961    0.66880
  -0.23024    0.63353    0.63038    1.81501    2.05691    0.11860    0.10150    1.20787    1.21172    0.04594    0.73573
  -0.22851    0.61214    0.60889    1.82340    2.05812    0.10114    0.12618    1.24973    1.16921    0.02705    0.80263
  -0.22677    0.59129    0.58793    1.83051    2.05777    0.08493    0.15330    1.28943    1.12420    0.01307    0.86894
  -0.22504    0.57096    0.56751    1.83636    2.05588    0.07004    0.18277    1.32679    1.07694    0.00409    0.93413
  -0.22331    0.55115    0.54761    1.84095    2.05250    0.05649    0.21449    1.36169    1.02774    0.00018    0.99766
  -0.22158    0.53186    0.52824    1.84432    2.04765    0.04434    0.24836    1.39396    0.97686    0.00137    1.05903
  -0.21985    0.51309    0.50939    1.84648    2.04137    0.03360    0.28427    1.42351    0.92463    0.00765    1.11773
  -0.21812    0.49483    0.49105    1.84746    2.03369    0.02431    0.32210    1.45020    0.87134    0.01897    1.17330
  -0.21639    0.47708    0.47322    1.84728    2.02467    0.01650    0.36173    1.47396    0.81730    0.03526    1.22531
  -0.21466    0.45982    0.45589    1.84597    2.01433    0.01018    0.40304    1.49469    0.76281    0.05641    1.27334
  -0.21293    0.44306    0.43906    1.84355    2.00272    0.00537    0.44590    1.51232    0.70819    0.08227    1.31702
  -0.21119    0.42678    0.42271    1.84006    1.98989    0.00208    0.49018    1.52681    0.65375    0.11268    1.35602
  -0.20946    0.41098    0.40685    1.83553    1.97588    0.00032    0.53574    1.53811    0.59980    0.14743    1.39003
  -0.20773    0.39565    0.39146    1.82998    1.96073    0.00010    0.58245    1.54619    0.54662    0.18628    1.41881
  -0.20600    0.38078    0.37654    1.82346    1.94449    0.00141    0.63017    1.55105    0.49452    0.22899    1.44214
  -0.20427    0.36637    0.36207    1.81598    1.92721    0.00425    0.67876    1.55269    0.44378    0.27528    1.45986
  -0.20254    0.35240    0.34806    1.80760    1.90892    0.00862    0.72807    1.55112    0.39467    0.32484    1.47184
  -0.20081    0.33888    0.33449    1.79833    1.88969    0.01451    0.77798    1.54636    0.34747    0.37734    1.47802
  -0.19908    0.32578    0.32135    1.78821    1.86956    0.02190    0.82834    1.53847    0.30242    0.43247    1.47835
  -0.19735    0.31311    0.30864    1.77729    1.84858    0.03077    0.87901    1.52749    0.25977    0.48985    1.47287
  -0.19561    0.30085    0.29634    1.76559    1.82679    0.04111    0.92985    1.51349    0.21974    0.54912    1.46163
  -0.19388    0.28900    0.28445    1.75315    1.80423    0.05289    0.98073    1.49655    0.18254    0.60992    1.44475
  -0.19215    0.27754    0.27295    1.74000    1.78097    0.06609    1.03152    1.47675    0.14836    0.67185    1.42237
  -0.19042    0.26647    0.26185    1.72619    1.75704    0.08068    1.08208    1.45420    0.11739    0.73453    1.39468
  -0.18869    0.25577    0.25113    1.71174    1.73249    0.09663    1.13228    1.42900    0.08978    0.79757    1.36194
  -0.18696    0.24544    0.24077    1.69670    1.70737    0.11391    1.18199    1.40128    0.06567    0.86059    1.32439
  -0.18523    0.23548    0.23078    1.68108    1.68172    0.13248    1.23110    1.37115    0.04519    0.92319    1.28236
  -0.18350    0.22586    0.22114    1.66494    1.65558    0.15230    1.27949    1.33876    0.02843    0.98499    1.23618
  -0.18177    0.21659    0.21185    1.64831    1.62901    0.17335    1.32703    1.30424    0.01549    1.04562    1.18623
  -0.18003    0.20765    0.20289    1.63121    1.60204    0.19557    1.37362    1.26774    0.00642    1.10472    1.13289
  -0.17830    0.19903    0.19426    1.61369    1.57471    0.21893    1.41916    1.22943    0.00128    1.16193    1.07660
  -0.17657    0.19073    0.18594    1.59577    1.54707    0.24338    1.46354    1.18945    0.00008    1.21692    1.01778
  -0.17484    0.18273    0.17793    1.57749    1.51916    0.26888    1.50666    1.14798    0.00283    1.26936    0.95690
  -0.17311    0.17503    0.17022    1.55888    1.49101    0.29539    1.54843    1.10517    0.00952    1.31895    0.89443
  -0.17138    0.16762    0.16280    1.53997    1.46267    0.32285    1.58877    1.06121    0.02012    1.36541    0.83085
  -0.16965    0.16049    0.15566    1.52079    1.43416    0.35123    1.62759    1.01627    0.03458    1.40847    0.76664
  -0.16792    0.15364    0.14879    1.50137    1.40553    0.38048    1.66481    0.97051    0.05282    1.44788    0.70228
  -0.16619    0.14704    0.14219    1.48174    1.37682    0.41054    1.70037    0.92413    0.07477    1.48344    0.63828
  -0.16445    0.14070    0.13585    1.46193    1.34804    0.44137    1.73420    0.87729    0.10031    1.51494    0.57509
  -0.16272    0.13461    0.12976    1.44196    1.31924    0.47292    1.76624    0.83017    0.12934    1.54222    0.51321
  -0.16099    0.12876    0.12390    1.42186    1.29045    0.50515    1.79644    0.78294    0.16171    1.56513    0.45308
  -0.15926    0.12315    0.11828    1.40166    1.26170    0.53800    1.82474    0.73579    0.19729    1.58356    0.39516
  -0.15753    0.11775    0.11289    1.38138    1.23301    0.57143    1.85110    0.68888    0.23590    1.59743    0.33986
  -0.15580    0.11258    0.10771    1.36104    1.20441    0.60539    1.87549    0.64239    0.27738    1.60667    0.28760
  -0.15407    0.10761    0.10275    1.34068    1.17594    0.63983    1.89787    0.59647    0.32153    1.61124    0.23875
  -0.15234    0.10284    0.09798    1.32030    1.14761    0.67471    1.91821    0.55129    0.36817    1.61114    0.19368
  -0.15061    0.09828    0.09342    1.29994    1.11944    0.70998    1.93649    0.50701    0.41708    1.60640    0.15269
  -0.14887    0.09390    0.08904    1.27961    1.09147    0.74559    1.95269    0.46378    0.46806    1.59705    0.11610
  -0.14714    0.08970    0.08485    1.25933    1.06371    0.78151    1.96681    0.42176    0.52088    1.58317    0.08416
  -0.14541    0.08568    0.08083    1.23912    1.03618    0.81767    1.97883    0.38107    0.57531    1.56487    0.05711
  -0.14368    0.08183    0.07699    1.21900    1.00889    0.85405    1.98875    0.34187    0.63112    1.54225    0.03512
  -0.14195    0.07814    0.07330    1.19898    0.98188    0.89060    1.99658    0.30427    0.68808    1.51548    0.01836
  -0.14022    0.07461    0.06978    1.17909    0.95516    0.92728    2.00232    0.26841    0.74593    1.48471    0.00695
  -0.13849    0.07123    0.06641    1.15933    0.92873    0.96404    2.00599    0.23440    0.80445    1.45015    0.00097
  -0.13676    0.06799    0.06318    1.13972    0.90262    1.00086    2.00759    0.20236    0.86338    1.41199    0.00045
  -0.13503    0.06490    0.06010    1.12028    0.87684    1.03768    2.00716    0.17237    0.92249    1.37047    0.00540
  -0.13329    0.06194    0.05715    1.10102    0.85140    1.07448    2.00470    0.14455    0.98153    1.32584    0.01580
  -0.13156    0.05911    0.05433    1.08194    0.82631    1.11121    2.00026    0.11897    1.04027    1.27835    0.03155
  -0.12983    0.05641    0.05163    1.06307    0.80158    1.14785    1.99386    0.09572    1.09845    1.22829    0.05257
  -0.12810    0.05383    0.04906    1.04440    0.77723    1.18436    1.98554    0.07486    1.15587    1.17594    0.07869
  -0.12637    0.05136    0.04660    1.02596    0.75326    1.22071    1.97534    0.05647    1.21228    1.12160    0.10976
  -0.12464    0.04900    0.04425    1.00775    0.72967    1.25686    1.96329    0.04059    1.26747    1.06557    0.14555
  -0.12291    0.04675    0.04201    0.98978    0.70649    1.29279    1.94944    0.02728    1.32121    1.00818    0.18582
  -0.12118    0.04460    0.03987    0.97205    0.68370    1.32847    1.93384    0.01658    1.37332    0.94974    0.23030
  -0.11945    0.04254    0.03783    0.95458    0.66132    1.36388    1.91653    0.00851    1.42357    0.89058    0.27870
  -0.11771    0.04058    0.03588    0.93737    0.63936    1.39898    1.89757    0.00310    1.47180    0.83103    0.33069
  -0.11598    0.03872    0.03402    0.92042    0.61781    1.43375    1.87702    0.00036    1.51781    0.77140    0.38593
  -0.11425    0.03693    0.03225    0.90375    0.59668    1.46817    1.85492    0.00031    1.56143    0.71203    0.44404
  -0.11252    0.03523    0.03056    0.88735    0.57597    1.50222    1.83134    0.00294    1.60252    0.65323    0.50465
  -0.11079    0.03361    0.02895    0.87123    0.55568    1.53588    1.80634    0.00825    1.64091    0.59533    0.56736
  -0.10906    0.03207    0.02741    0.85540    0.53582    1.56912    1.77997    0.01622    1.67647    0.53862    0.63176
  -0.10733    0.03059    0.02595    0.83985    0.51638    1.60193    1.75230    0.02682    1.70909    0.48343    0.69742
  -0.10560    0.02919    0.02456    0.82460    0.49737    1.63430    1.72339    0.04004    1.73864    0.43003    0.76393
  -0.10387    0.02785    0.02323    0.80963    0.47878    1.66620    1.69331    0.05583    1.76503    0.37870    0.83084
  -0.10213    0.02658    0.02197    0.79496    0.46062    1.69762    1.66212    0.07416    1.78816    0.32973    0.89774
  -0.10040    0.02536    0.02077    0.78059    0.44288    1.72855    1.62989    0.09496    1.80798    0.28336    0.96419
  -0.09867    0.02421    0.01962    0.76651    0.42556    1.75897    1.59668    0.11819    1.82442    0.23983    1.02976
  -0.09694    0.02311    0.01854    0.75274    0.40866    1.78888    1.56257    0.14379    1.83743    0.19937    1.09405
  -0.09521    0.02206    0.01750    0.73926    0.39218    1.81827    1.52762    0.17169    1.84697    0.16219    1.15664
  -0.09348    0.02107    0.01652    0.72608    0.37611    1.84711    1.49190    0.20182    1.85304    0.12847    1.21713
  -0.09175    0.02012    0.01558    0.71319    0.36045    1.87542    1.45547    0.23409    1.85562    0.09840    1.27515
  -0.09002    0.01922    0.01469    0.70061    0.34520    1.90317    1.41840    0.26844    1.85471    0.07211    1.33034
  -0.08829    0.01836    0.01384    0.68832    0.33035    1.93036    1.38077    0.30476    1.85034    0.04976    1.38235
  -0.08656    0.01754    0.01304    0.67633    0.31591    1.95699    1.34263    0.34298    1.84253    0.03144    1.43086
  -0.08482    0.01677    0.01227    0.66463    0.30186    1.98305    1.30406    0.38299    1.83134    0.01725    1.47558
  -0.08309    0.01603    0.01155    0.65322    0.28820    2.00853    1.26513    0.42470    1.81681    0.00726    1.51622
  -0.08136    0.01533    0.01086    0.64211    0.27492    2.03344    1.22589    0.46800    1.79901    0.00152    1.55255
  -0.07963    0.01467    0.01020    0.63129    0.26203    2.05777    1.18641    0.51279    1.77803    0.00005    1.58434
  -0.07790    0.01404    0.00958    0.62075    0.24952    2.08151    1.14676    0.55897    1.75395    0.00288    1.61141
  -0.07617    0.01344    0.00899    0.61051    0.23738    2.10468    1.10701    0.60641    1.72688    0.00998    1.63359
  -0.07444    0.01287    0.00843    0.60054    0.22561    2.12726    1.06720    0.65502    1.69692    0.02131    1.65076
  -0.07271    0.01233    0.00790    0.59086    0.21420    2.14925    1.02742    0.70467    1.66419    0.03682    1.66283
  -0.07098    0.01181    0.00739    0.58145    0.20315    2.17066    0.98771    0.75525    1.62883    0.05645    1.66972
  -0.06924    0.01133    0.00692    0.57232    0.19245    2.19149    0.94814    0.80664    1.59096    0.08008    1.67140
  -0.06751    0.01087    0.00646    0.56347    0.18209    2.21173    0.90877    0.85872    1.55074    0.10761    1.66789
  -0.06578    0.01043    0.00603    0.55488    0.17208    2.23139    0.86965    0.91137    1.50833    0.13891    1.65920
  -0.06405    0.01001    0.00563    0.54656    0.16241    2.25048    0.83084    0.96448    1.46387    0.17381    1.64541
  -0.06232    0.00962    0.00524    0.53851    0.15306    2.26899    0.79240    1.01792    1.41753    0.21217    1.62660
  -0.06059    0.00925    0.00488    0.53072    0.14405    2.28693    0.75437    1.07157    1.36949    0.25379    1.60291
  -0.05886    0.00889    0.00453    0.52319    0.13535    2.30429    0.71682    1.12532    1.31993    0.29848    1.57450
  -0.05713    0.00856    0.00421    0.51592    0.12697    2.32109    0.67979    1.17904    1.26902    0.34602    1.54153
  -0.05540    0.00825    0.00390    0.50890    0.11890    2.33732    0.64334    1.23262    1.21695    0.39619    1.50423
  -0.05366    0.00795    0.00361    0.50213    0.11114    2.35300    0.60750    1.28593    1.16390    0.44875    1.46283
  -0.05193    0.00766    0.00333    0.49561    0.10367    2.36812    0.57234    1.33887    1.11007    0.50346    1.41760
  -0.05020    0.00740    0.00307    0.48934    0.09651    2.38269    0.53788    1.39131    1.05564    0.56005    1.36881
  -0.04847    0.00715    0.00283    0.48330    0.08963    2.39671    0.50419    1.44315    1.00082    0.61827    1.31678
  -0.04674    0.00691    0.00260    0.47751    0.08304    2.41018    0.47129    1.49428    0.94579    0.67784    1.26182
  -0.04501    0.00668    0.00238    0.47195    0.07673    2.42312    0.43924    1.54457    0.89074    0.73849    1.20428
  -0.04328    0.00647    0.00217    0.46663    0.07070    2.43553    0.40807    1.59394    0.83587    0.79992    1.14451
  -0.04155    0.00628    0.00198    0.46154    0.06494    2.44740    0.37782    1.64226    0.78137    0.86187    1.08288
  -0.03982    0.00609    0.00180    0.45668    0.05945    2.45875    0.34852    1.68945    0.72743    0.92404    1.01977
  -0.03808    0.00591    0.00163    0.45204    0.05423    2.46957    0.32022    1.73540    0.67423    0.98613    0.95556
  -0.03635    0.00575    0.00147    0.44763    0.04927    2.47988    0.29294    1.78002    0.62195    1.04788    0.89065
  -0.03462    0.00559    0.00132    0.44344    0.04456    2.48968    0.26671    1.82322    0.57078    1.10899    0.82543
  -0.03289    0.00545    0.00118    0.43947    0.04011    2.49897    0.24158    1.86490    0.52088    1.16918    0.76030
  -0.03116    0.00532    0.00105    0.43572    0.03590    2.50776    0.21755    1.90498    0.47244    1.22818    0.69565
  -0.02943    0.00519    0.00093    0.43218    0.03195    2.51604    0.19468    1.94337    0.42561    1.28572    0.63188
  -0.02770    0.00508    0.00082    0.42886    0.02823    2.52383    0.17297    1.98001    0.38054    1.34153    0.56936
  -0.02597    0.00497    0.00071    0.42575    0.02476    2.53113    0.15245    2.01481    0.33740    1.39536    0.50849
  -0.02424    0.00487    0.00062    0.42284    0.02153    2.53794    0.13315    2.04771    0.29632    1.44696    0.44962
  -0.02250    0.00478    0.00053    0.42015    0.01853    2.54426    0.11509    2.07863    0.25745    1.49610    0.39310
  -0.02077    0.00469    0.00045    0.41766    0.01576    2.55010    0.09829    2.10752    0.22092    1.54256    0.33929
  -0.01904    0.00462    0.00037    0.41538    0.01322    2.55547    0.08276    2.13432    0.18684    1.58612    0.28850
  -0.01731    0.00455    0.00031    0.41329    0.01091    2.56035    0.06853    2.15897    0.15533    1.62659    0.24103
  -0.01558    0.00449    0.00025    0.41142    0.00883    2.56477    0.05561    2.18142    0.12650    1.66378    0.19717
  -0.01385    0.00443    0.00020    0.40974    0.00696    2.56871    0.04401    2.20163    0.10044    1.69752    0.15719
  -0.01212    0.00439    0.00015    0.40826    0.00533    2.57218    0.03374    2.21956    0.07723    1.72767    0.12132
  -0.01039    0.00434    0.00011    0.40698    0.00391    2.57519    0.02482    2.23517    0.05696    1.75409    0.08978
  -0.00866    0.00431    0.00008    0.40590    0.00271    2.57773    0.01726    2.24844    0.03969    1.77665    0.06275
  -0.00692    0.00428    0.00005    0.40502    0.00174    2.57980    0.01106    2.25933    0.02548    1.79526    0.04040
  -0.00519    0.00426    0.00003    0.40433    0.00098    2.58142    0.00622    2.26783    0.01437    1.80983    0.02286
  -0.00346    0.00424    0.00001    0.40384    0.00043    2.58257    0.00277    2.27391    0.00641    1.82029    0.01023
  -0.00173    0.00424    0.00000    0.40355    0.00011    2.58326    0.00069    2.27757    0.00161    1.82660    0.00260
   0.00000    0.00423    0.00000    0.40345    0.00000    2.58350    0.00000    2.27879    0.00000    1.82873    0.00000
   0.00173    0.00424    0.00000    0.40355    0.00011    2.58327    0.00069    2.27758    0.00158    1.82667    0.00245
   0.00346    0.00424    0.00001    0.40384    0.00043    2.58258    0.00276    2.27394    0.00634    1.82043    0.00994
   0.00519    0.00426    0.00003    0.40433    0.00097    2.58143    0.00620    2.26787    0.01427    1.81004    0.02242
   0.00692    0.00428    0.00005    0.40502    0.00173    2.57982    0.01103    2.25939    0.02534    1.79554    0.03982
   0.00866    0.00431    0.00007    0.40590    0.00271    2.57774    0.01722    2.24851    0.03952    1.77700    0.06203
   0.01039    0.00435    0.00011    0.40699    0.00390    2.57520    0.02478    2.23526    0.05676    1.75451    0.08893
   0.01212    0.00439    0.00015    0.40827    0.00532    2.57220    0.03369    2.21966    0.07700    1.72816    0.12034
   0.01385    0.00443    0.00019    0.40975    0.00695    2.56873    0.04395    2.20175    0.10017    1.69807    0.15609
   0.01558    0.00449    0.00025    0.41143    0.00881    2.56479    0.05555    2.18155    0.12621    1.66439    0.19595
   0.01731    0.00455    0.00031    0.41331    0.01089    2.56038    0.06846    2.15911    0.15501    1.62725    0.23970
   0.01904    0.00462    0.00037    0.41539    0.01320    2.55550    0.08269    2.13448    0.18649    1.58684    0.28706
   0.02077    0.00470    0.00044    0.41767    0.01574    2.55014    0.09821    2.10769    0.22055    1.54333    0.33776
   0.02250    0.00478    0.00053    0.42016    0.01851    2.54430    0.11501    2.07882    0.25706    1.49692    0.39149
   0.02424    0.00487    0.00061    0.42286    0.02151    2.53798    0.13306    2.04791    0.29590    1.44782    0.44793
   0.02597    0.00497    0.00071    0.42577    0.02474    2.53117    0.15235    2.01502    0.33695    1.39626    0.50674
   0.02770    0.00508    0.00081    0.42888    0.02821    2.52388    0.17286    1.98023    0.38007    1.34247    0.56756
   0.02943    0.00520    0.00092    0.43220    0.03192    2.51609    0.19457    1.94360    0.42512    1.28669    0.63003
   0.03116    0.00532    0.00105    0.43574    0.03588    2.50781    0.21744    1.90522    0.47194    1.22918    0.69378
   0.03289    0.00546    0.00118    0.43950    0.04008    2.49902    0.24145    1.86515    0.52036    1.17020    0.75840
   0.03462    0.00560    0.00131    0.44347    0.04453    2.48973    0.26659    1.82348    0.57024    1.11003    0.82353
   0.03635    0.00575    0.00146    0.44766    0.04923    2.47994    0.29281    1.78029    0.62140    1.04893    0.88875
   0.03808    0.00592    0.00162    0.45207    0.05420    2.46963    0.32008    1.73568    0.67367    0.98719    0.95367
   0.03982    0.00609    0.00179    0.45671    0.05942    2.45881    0.34838    1.68974    0.72686    0.92510    1.01791
   0.04155    0.00628    0.00197    0.46157    0.06491    2.44746    0.37767    1.64255    0.78080    0.86293    1.08106
   0.04328    0.00648    0.00217    0.46666    0.07066    2.43559    0.40792    1.59423    0.83529    0.80098    1.14273
   0.04501    0.00669    0.00237    0.47199    0.07669    2.42319    0.43909    1.54487    0.89016    0.73953    1.20256
   0.04674    0.00692    0.00259    0.47754    0.08300    2.41025    0.47113    1.49458    0.94520    0.67887    1.26017
   0.04847    0.00715    0.00282    0.48334    0.08958    2.39678    0.50402    1.44347    1.00023    0.61927    1.31520
   0.05020    0.00741    0.00306    0.48937    0.09646    2.38276    0.53771    1.39163    1.05506    0.56103    1.36733
   0.05193    0.00767    0.00332    0.49565    0.10362    2.36819    0.57216    1.33919    1.10949    0.50440    1.41621
   0.05366    0.00796    0.00360    0.50217    0.11109    2.35308    0.60732    1.28625    1.16333    0.44966    1.46155
   0.05540    0.00826    0.00389    0.50894    0.11885    2.33740    0.64316    1.23294    1.21638    0.39706    1.50306
   0.05713    0.00857    0.00420    0.51596    0.12692    2.32117    0.67961    1.17936    1.26847    0.34685    1.54048
   0.05886    0.00891    0.00452    0.52324    0.13529    2.30437    0.71663    1.12564    1.31939    0.29926    1.57357
   0.06059    0.00926    0.00487    0.53077    0.14399    2.28701    0.75418    1.07189    1.36897    0.25452    1.60212
   0.06232    0.00963    0.00523    0.53856    0.15300    2.26908    0.79220    1.01824    1.41702    0.21285    1.62595
   0.06405    0.01003    0.00561    0.54661    0.16234    2.25057    0.83065    0.96480    1.46337    0.17444    1.64489
   0.06578    0.01044    0.00602    0.55493    0.17202    2.23149    0.86945    0.91169    1.50785    0.13947    1.65883
   0.06751    0.01088    0.00645    0.56352    0.18202    2.21182    0.90857    0.85903    1.55029    0.10811    1.66766
   0.06924    0.01134    0.00690    0.57238    0.19237    2.19158    0.94794    0.80694    1.59053    0.08051    1.67132
   0.07098    0.01183    0.00738    0.58151    0.20307    2.17076    0.98751    0.75555    1.62842    0.05681    1.66978
   0.07271    0.01234    0.00788    0.59092    0.21412    2.14935    1.02722    0.70496    1.66381    0.03712    1.66304
   0.07444    0.01289    0.00841    0.60060    0.22553    2.12736    1.06700    0.65531    1.69657    0.02154    1.65112
   0.07617    0.01346    0.00897    0.61057    0.23730    2.10478    1.10680    0.60670    1.72655    0.01013    1.63409
   0.07790    0.01406    0.00956    0.62082    0.24944    2.08162    1.14656    0.55924    1.75366    0.00296    1.61205
   0.07963    0.01469    0.01018    0.63136    0.26195    2.05787    1.18621    0.51306    1.77777    0.00007    1.58512
   0.08136    0.01536    0.01083    0.64218    0.27483    2.03355    1.22568    0.46826    1.79878    0.00146    1.55346
   0.08309    0.01606    0.01152    0.65330    0.28810    2.00864    1.26492    0.42494    1.81660    0.00712    1.51725
   0.08482    0.01679    0.01225    0.66471    0.30176    1.98316    1.30386    0.38323    1.83116    0.01704    1.47673
   0.08656    0.01757    0.01301    0.67641    0.31581    1.95710    1.34243    0.34321    1.84239    0.03116    1.43212
   0.08829    0.01839    0.01381    0.68840    0.33025    1.93047    1.38057    0.30498    1.85023    0.04942    1.38371
   0.09002    0.01925    0.01466    0.70069    0.34510    1.90328    1.41820    0.26864    1.85463    0.07171    1.33180
   0.09175    0.02015    0.01555    0.71328    0.36034    1.87553    1.45527    0.23429    1.85558    0.09793    1.27669
   0.09348    0.02110    0.01648    0.72617    0.37600    1.84723    1.49170    0.20200    1.85303    0.12794    1.21874
   0.09521    0.02210    0.01747    0.73935    0.39206    1.81838    1.52743    0.17186    1.84700    0.16160    1.15831
   0.09694    0.02314    0.01850    0.75283    0.40854    1.78900    1.56238    0.14395    1.83749    0.19872    1.09578
   0.09867    0.02425    0.01959    0.76661    0.42544    1.75909    1.59650    0.11833    1.82451    0.23913    1.03153
   0.10040    0.02540    0.02073    0.78069    0.44276    1.72867    1.62970    0.09509    1.80811    0.28261    0.96599
   0.10213    0.02662    0.02193    0.79507    0.46049    1.69774    1.66194    0.07427    1.78832    0.32893    0.89956
   0.10387    0.02790    0.02319    0.80974    0.47865    1.66632    1.69313    0.05593    1.76522    0.37787    0.83267
   0.10560    0.02924    0.02451    0.82471    0.49723    1.63442    1.72321    0.04012    1.73886    0.42915    0.76575
   0.10733    0.03064    0.02590    0.83996    0.51624    1.60205    1.75213    0.02689    1.70934    0.48252    0.69922
   0.10906    0.03212    0.02736    0.85551    0.53568    1.56924    1.77980    0.01627    1.67675    0.53769    0.63353
   0.11079    0.03367    0.02889    0.87135    0.55553    1.53600    1.80617    0.00829    1.64122    0.59437    0.56909
   0.11252    0.03529    0.03050    0.88747    0.57582    1.50234    1.83118    0.00296    1.60285    0.65226    0.50633
   0.11425    0.03699    0.03219    0.90387    0.59652    1.46829    1.85477    0.00032    1.56179    0.71105    0.44566
   0.11598    0.03878    0.03396    0.92055    0.61765    1.43387    1.87687    0.00035    1.51819    0.77041    0.38747
   0.11771    0.04065    0.03581    0.93750    0.63920    1.39910    1.89743    0.00307    1.47220    0.83004    0.33215
   0.11945    0.04261    0.03776    0.95472    0.66116    1.36400    1.91639    0.00847    1.42400    0.88960    0.28007
   0.12118    0.04467    0.03979    0.97219    0.68353    1.32859    1.93371    0.01653    1.37376    0.94877    0.23156
   0.12291    0.04682    0.04193    0.98992    0.70631    1.29291    1.94931    0.02722    1.32167    1.00722    0.18697
   0.12464    0.04908    0.04417    1.00790    0.72950    1.25698    1.96317    0.04051    1.26794    1.06463    0.14658
   0.12637    0.05144    0.04651    1.02612    0.75307    1.22082    1.97522    0.05638    1.21276    1.12068    0.11066
   0.12810    0.05392    0.04897    1.04456    0.77704    1.18448    1.98544    0.07475    1.15636    1.17505    0.07947
   0.12983    0.05650    0.05154    1.06323    0.80139    1.14797    1.99376    0.09560    1.09896    1.22744    0.05321
   0.13156    0.05921    0.05423    1.08211    0.82611    1.11133    2.00017    0.11884    1.04077    1.27754    0.03205
   0.13329    0.06205    0.05704    1.10118    0.85120    1.07459    2.00462    0.14440    0.98205    1.32507    0.01615
   0.13503    0.06501    0.05999    1.12045    0.87663    1.03779    2.00708    0.17222    0.92301    1.36974    0.00561
   0.13676    0.06811    0.06307    1.13990    0.90241    1.00097    2.00752    0.20219    0.86390    1.41131    0.00051
   0.13849    0.07135    0.06629    1.15951    0.92852    0.96415    2.00592    0.23423    0.80496    1.44952    0.00088
   0.14022    0.07473    0.06965    1.17927    0.95494    0.92739    2.00226    0.26822    0.74644    1.48415    0.00672
   0.14195    0.07827    0.07317    1.19917    0.98166    0.89071    1.99653    0.30408    0.68858    1.51497    0.01799
   0.14368    0.08197    0.07685    1.21919    1.00867    0.85416    1.98871    0.34166    0.63161    1.54181    0.03460
   0.14541    0.08583    0.08069    1.23932    1.03594    0.81778    1.97879    0.38086    0.57579    1.56449    0.05645
   0.14714    0.08985    0.08470    1.25953    1.06347    0.78161    1.96678    0.42153    0.52135    1.58287    0.08338
   0.14887    0.09406    0.08888    1.27981    1.09123    0.74569    1.95267    0.46356    0.46851    1.59681    0.11519
   0.15061    0.09845    0.09325    1.30015    1.11920    0.71008    1.93647    0.50678    0.41752    1.60623    0.15166
   0.15234    0.10302    0.09781    1.32052    1.14736    0.67481    1.91820    0.55105    0.36858    1.61105    0.19253
   0.15407    0.10779    0.10256    1.34090    1.17568    0.63993    1.89786    0.59622    0.32192    1.61122    0.23750
   0.15580    0.11277    0.10752    1.36127    1.20415    0.60548    1.87549    0.64214    0.27775    1.60672    0.28625
   0.15753    0.11796    0.11268    1.38161    1.23274    0.57152    1.85111    0.68863    0.23625    1.59755    0.33843
   0.15926    0.12336    0.11807    1.40189    1.26143    0.53809    1.82476    0.73554    0.19761    1.58376    0.39365
   0.16099    0.12899    0.12368    1.42210    1.29018    0.50523    1.79646    0.78269    0.16201    1.56539    0.45151
   0.16272    0.13485    0.12952    1.44220    1.31896    0.47300    1.76627    0.82992    0.12960    1.54255    0.51158
   0.16445    0.14095    0.13560    1.46217    1.34776    0.44145    1.73424    0.87704    0.10055    1.51533    0.57343
   0.16619    0.14730    0.14194    1.48199    1.37653    0.41061    1.70042    0.92388    0.07497    1.48390    0.63658
   0.16792    0.15390    0.14852    1.50162    1.40524    0.38055    1.66486    0.97027    0.05299    1.44840    0.70058
   0.16965    0.16077    0.15538    1.52105    1.43386    0.35130    1.62764    1.01603    0.03472    1.40904    0.76493
   0.17138    0.16791    0.16250    1.54023    1.46236    0.32292    1.58882    1.06098    0.02023    1.36604    0.82915
   0.17311    0.17534    0.16991    1.55915    1.49071    0.29545    1.54849    1.10494    0.00960    1.31963    0.89275
   0.17484    0.18305    0.17761    1.57776    1.51885    0.26894    1.50673    1.14775    0.00287    1.27009    0.95526
   0.17657    0.19106    0.18560    1.59605    1.54676    0.24344    1.46361    1.18924    0.00008    1.21769    1.01619
   0.17830    0.19938    0.19391    1.61397    1.57439    0.21898    1.41924    1.22922    0.00125    1.16273    1.07506
   0.18003    0.20801    0.20253    1.63150    1.60172    0.19562    1.37371    1.26755    0.00636    1.10555    1.13143
   0.18177    0.21697    0.21147    1.64860    1.62868    0.17339    1.32712    1.30405    0.01539    1.04648    1.18484
   0.18350    0.22626    0.22075    1.66524    1.65525    0.15235    1.27958    1.33858    0.02831    0.98587    1.23489
   0.18523    0.23589    0.23037    1.68138    1.68138    0.13252    1.23119    1.37098    0.04503    0.92408    1.28117
   0.18696    0.24587    0.24034    1.69700    1.70703    0.11394    1.18209    1.40112    0.06548    0.86149    1.32331
   0.18869    0.25622    0.25068    1.71205    1.73215    0.09666    1.13237    1.42886    0.08956    0.79848    1.36097
   0.19042    0.26693    0.26138    1.72650    1.75669    0.08071    1.08218    1.45407    0.11714    0.73543    1.39385
   0.19215    0.27802    0.27247    1.74032    1.78062    0.06612    1.03162    1.47664    0.14809    0.67274    1.42166
   0.19388    0.28950    0.28394    1.75347    1.80388    0.05291    0.98084    1.49644    0.18224    0.61080    1.44418
   0.19561    0.30138    0.29581    1.76591    1.82643    0.04113    0.92996    1.51340    0.21941    0.54998    1.46121
   0.19735    0.31366    0.30808    1.77761    1.84822    0.03079    0.87912    1.52741    0.25942    0.49068    1.47259
   0.19908    0.32635    0.32078    1.78854    1.86920    0.02191    0.82845    1.53841    0.30205    0.43327    1.47822
   0.20081    0.33947    0.33389    1.79866    1.88933    0.01452    0.77809    1.54632    0.34708    0.37811    1.47803
   0.20254    0.35302    0.34744    1.80793    1.90856    0.00863    0.72818    1.55109    0.39427    0.32557    1.47200
   0.20427    0.36701    0.36143    1.81632    1.92684    0.00426    0.67886    1.55267    0.44336    0.27596    1.46017
   0.20600    0.38145    0.37587    1.82380    1.94412    0.00141    0.63027    1.55105    0.49409    0.22963    1.44259
   0.20773    0.39634    0.39076    1.83032    1.96036    0.00010    0.58256    1.54621    0.54618    0.18687    1.41940
   0.20946    0.41170    0.40612    1.83587    1.97551    0.00032    0.53585    1.53814    0.59935    0.14795    1.39075
   0.21119    0.42753    0.42196    1.84041    1.98952    0.00207    0.49028    1.52685    0.65330    0.11315    1.35687
   0.21293    0.44384    0.43827    1.84390    2.00235    0.00536    0.44600    1.51238    0.70774    0.08267    1.31799
   0.21466    0.46063    0.45508    1.84631    2.01396    0.01017    0.40314    1.49476    0.76235    0.05674    1.27442
   0.21639    0.47792    0.47238    1.84763    2.02429    0.01649    0.36183    1.47404    0.81684    0.03553    1.22649
   0.21812    0.49571    0.49018    1.84781    2.03332    0.02430    0.32219    1.45030    0.87089    0.01917    1.17458
   0.21985    0.51400    0.50848    1.84683    2.04099    0.03358    0.28435    1.42362    0.92419    0.00777    1.11909
   0.22158    0.53280    0.52730    1.84467    2.04727    0.04432    0.24844    1.39409    0.97643    0.00142    1.06046
   0.22331    0.55212    0.54664    1.84130    2.05212    0.05648    0.21457    1.36182    1.02732    0.00016    0.99916
   0.22504    0.57196    0.56650    1.83671    2.05551    0.07002    0.18284    1.32694    1.07654    0.00400    0.93567
   0.22677    0.59233    0.58689    1.83086    2.05739    0.08491    0.15336    1.28959    1.12381    0.01290    0.87052
   0.22851    0.61322    0.60781    1.82375    2.05775    0.10111    0.12624    1.24990    1.16884    0.02682    0.80423
   0.23024    0.63465    0.62926    1.81536    2.05654    0.11858    0.10156    1.20805    1.21137    0.04564    0.73734
   0.23197    0.65661    0.65125    1.80567    2.05374    0.13726    0.07940    1.16420    1.25114    0.06925    0.67040
   0.23370    0.67911    0.67378    1.79468    2.04933    0.15709    0.05985    1.11855    1.28789    0.09746    0.60396
   0.23543    0.70214    0.69685    1.78236    2.04328    0.17803    0.04296    1.07127    1.32140    0.13009    0.53858
   0.23716    0.72571    0.72045    1.76872    2.03558    0.20001    0.02881    1.02259    1.35145    0.16690    0.47479
   0.23889    0.74982    0.74460    1.75376    2.02620    0.22296    0.01743    0.97270    1.37786    0.20762    0.41314
   0.24062    0.77446    0.76929    1.73746    2.01514    0.24681    0.00888    0.92183    1.40045    0.25197    0.35414
   0.24235    0.79964    0.79451    1.71984    2.00239    0.27149    0.00317    0.87021    1.41906    0.29962    0.29829
   0.24409    0.82536    0.82027    1.70090    1.98793    0.29693    0.00034    0.81807    1.43356    0.35023    0.24607
   0.24582    0.85159    0.84656    1.68064    1.97177    0.32304    0.00039    0.76564    1.44386    0.40342    0.19792
   0.24755    0.87836    0.87337    1.65907    1.95391    0.34974    0.00332    0.71317    1.44986    0.45880    0.15424
   0.24928    0.90564    0.90070    1.63622    1.93435    0.37694    0.00912    0.66089    1.45152    0.51597    0.11543
   0.25101    0.93343    0.92855    1.61209    1.91311    0.40455    0.01777    0.60906    1.44880    0.57451    0.08181
   0.25274    0.96173    0.95691    1.58670    1.89019    0.43249    0.02923    0.55792    1.44169    0.63397    0.05367
   0.25447    0.99052    0.98576    1.56009    1.86561    0.46066    0.04347    0.50770    1.43023    0.69391    0.03126
   0.25620    1.01979    1.01511    1.53228    1.83939    0.48897    0.06042    0.45866    1.41446    0.75387    0.01478
   0.25793    1.04955    1.04493    1.50329    1.81156    0.51731    0.08003    0.41102    1.39446    0.81341    0.00436
   0.25967    1.07976    1.07522    1.47316    1.78216    0.54560    0.10220    0.36503    1.37033    0.87207    0.00011
   0.26140    1.11043    1.10596    1.44194    1.75120    0.57372    0.12686    0.32090    1.34220    0.92941    0.00205
   0.26313    1.14154    1.13714    1.40965    1.71874    0.60159    0.15390    0.27886    1.31024    0.98496    0.01018
   0.26486    1.17306    1.16875    1.37635    1.68482    0.62910    0.18321    0.23910    1.27461    1.03832    0.02442
   0.26659    1.20499    1.20076    1.34208    1.64948    0.65615    0.21468    0.20184    1.23553    1.08906    0.04463
   0.26832    1.23731    1.23317    1.30690    1.61278    0.68265    0.24817    0.16727    1.19323    1.13678    0.07065
   0.27005    1.27000    1.26595    1.27085    1.57478    0.70849    0.28355    0.13555    1.14796    1.18111    0.10224
   0.27178    1.30304    1.29908    1.23400    1.53553    0.73358    0.32066    0.10684    1.09998    1.22169    0.13910
   0.27351    1.33640    1.33254    1.19640    1.49510    0.75782    0.35934    0.08131    1.04960    1.25819    0.18091
   0.27524    1.37007    1.36631    1.15813    1.45356    0.78112    0.39944    0.05907    0.99711    1.29033    0.22728
   0.27698    1.40403    1.40036    1.11924    1.41099    0.80338    0.44078    0.04025    0.94285    1.31783    0.27780
   0.27871    1.43823    1.43467    1.07982    1.36747    0.82453    0.48319    0.02495    0.88714    1.34046    0.33199
   0.28044    1.47267    1.46922    1.03992    1.32307    0.84447    0.52646    0.01324    0.83035    1.35804    0.38936
   0.28217    1.50731    1.50397    0.99964    1.27789    0.86313    0.57042    0.00519    0.77282    1.37041    0.44937
   0.28390    1.54213    1.53890    0.95903    1.23200    0.88042    0.61488    0.00083    0.71492    1.37746    0.51148
   0.28563    1.57709    1.57397    0.91820    1.18552    0.89627    0.65962    0.00021    0.65703    1.37911    0.57510
   0.28736    1.61217    1.60917    0.87721    1.13852    0.91062    0.70445    0.00330    0.59951    1.37534    0.63964
   0.28909    1.64732    1.64444    0.83615    1.09112    0.92340    0.74917    0.01011    0.54274    1.36615    0.70449
   0.29082    1.68253    1.67977    0.79512    1.04342    0.93455    0.79356    0.02060    0.48708    1.35161    0.76904
   0.29256    1.71775    1.71512    0.75419    0.99552    0.94402    0.83744    0.03470    0.43291    1.33181    0.83269
   0.29429    1.75295    1.75045    0.71345    0.94752    0.95176    0.88059    0.05233    0.38057    1.30689    0.89482
   0.29602    1.78809    1.78572    0.67301    0.89954    0.95774    0.92280    0.07341    0.33041    1.27704    0.95486
   0.29775    1.82313    1.82090    0.63294    0.85169    0.96192    0.96389    0.09780    0.28276    1.24248    1.01221
   0.29948    1.85805    1.85595    0.59334    0.80408    0.96427    1.00365    0.12539    0.23794    1.20348    1.06635
   0.30121    1.89279    1.89083    0.55430    0.75683    0.96477    1.04190    0.15600    0.19626    1.16033    1.11673
   0.30294    1.92732    1.92549    0.51591    0.71005    0.96342    1.07845    0.18946    0.15799    1.11337    1.16288
   0.30467    1.96160    1.95991    0.47826    0.66385    0.96020    1.11311    0.22559    0.12338    1.06297    1.20434
   0.30640    1.99558    1.99404    0.44145    0.61835    0.95512    1.14573    0.26418    0.09269    1.00952    1.24071
   0.30814    2.02923    2.02783    0.40557    0.57367    0.94818    1.17613    0.30500    0.06611    0.95345    1.27162
   0.30987    2.06250    2.06125    0.37070    0.52991    0.93941    1.20417    0.34782    0.04382    0.89521    1.29678
   0.31160    2.09535    2.09425    0.33693    0.48720    0.92883    1.22971    0.39240    0.02598    0.83525    1.31592
   0.31333    2.12774    2.12678    0.30435    0.44564    0.91647    1.25260    0.43846    0.01272    0.77407    1.32886
   0.31506    2.15962    2.15881    0.27304    0.40535    0.90238    1.27273    0.48574    0.00412    0.71216    1.33545
   0.31679    2.19094    2.19029    0.24309    0.36643    0.88659    1.28999    0.53397    0.00024    0.65002    1.33561
   0.31852    2.22167    2.22117    0.21456    0.32898    0.86917    1.30430    0.58285    0.00111    0.58815    1.32934
   0.32025    2.25177    2.25141    0.18754    0.29311    0.85017    1.31556    0.63210    0.00673    0.52707    1.31667
   0.32198    2.28117    2.28097    0.16209    0.25892    0.82967    1.32372    0.68142    0.01705    0.46728    1.29773
   0.32372    2.30985    2.30980    0.13830    0.22651    0.80775    1.32872    0.73052    0.03200    0.40926    1.27268
   0.32545    2.33776    2.33786    0.11621    0.19596    0.78448    1.33052    0.77910    0.05148    0.35349    1.24175
   0.32718    2.36485    2.36510    0.09590    0.16735    0.75995    1.32912    0.82687    0.07535    0.30045    1.20524
   0.32891    2.39109    2.39149    0.07741    0.14078    0.73426    1.32449    0.87354    0.10344    0.25056    1.16349
   0.33064    2.41643    2.41698    0.06081    0.11632    0.70751    1.31666    0.91883    0.13555    0.20425    1.11689
   0.33237    2.44082    2.44153    0.04613    0.09403    0.67981    1.30564    0.96245    0.17145    0.16191    1.06590
   0.33410    2.46423    2.46509    0.03342    0.07399    0.65126    1.29150    1.00415    0.21088    0.12387    1.01100
   0.33583    2.48662    2.48763    0.02271    0.05626    0.62198    1.27427    1.04366    0.25356    0.09048    0.95273
   0.33756    2.50795    2.50911    0.01404    0.04087    0.59210    1.25404    1.08074    0.29918    0.06200    0.89165
   0.33930    2.52819    2.52948    0.00743    0.02789    0.56172    1.23091    1.11516    0.34741    0.03868    0.82835
   0.34103    2.54728    2.54872    0.00290    0.01735    0.53098    1.20497    1.14670    0.39791    0.02072    0.76345
   0.34276    2.56520    2.56679    0.00046    0.00928    0.50001    1.17634    1.17517    0.45031    0.00826    0.69759
   0.34449    2.58192    2.58365    0.00012    0.00370    0.46893    1.14517    1.20039    0.50422    0.00142    0.63142
   0.34622    2.59740    2.59927    0.00188    0.00064    0.43788    1.11160    1.22219    0.55925    0.00025    0.56558
   0.34795    2.61162    2.61362    0.00574    0.00010    0.40697    1.07578    1.24043    0.61501    0.00475    0.50072
   0.34968    2.62453    2.62667    0.01168    0.00209    0.37636    1.03790    1.25501    0.67108    0.01490    0.43748
   0.35141    2.63612    2.63839    0.01969    0.00659    0.34616    0.99814    1.26582    0.72706    0.03061    0.37649
   0.35314    2.64635    2.64876    0.02974    0.01360    0.31650    0.95669    1.27278    0.78253    0.05174    0.31835
   0.35488    2.65521    2.65774    0.04180    0.02309    0.28751    0.91375    1.27586    0.83709    0.07811    0.26364
   0.35661    2.66268    2.66533    0.05584    0.03503    0.25933    0.86955    1.27502    0.89032    0.10949    0.21291
   0.35834    2.66873    2.67150    0.07181    0.04938    0.23205    0.82429    1.27027    0.94185    0.14562    0.16665
   0.36007    2.67334    2.67623    0.08966    0.06611    0.20582    0.77821    1.26162    0.99129    0.18617    0.12532
   0.36180    2.67651    2.67951    0.10934    0.08515    0.18074    0.73154    1.24914    1.03828    0.23082    0.08935
   0.36353    2.67821    2.68132    0.13079    0.10645    0.15691    0.68451    1.23288    1.08246    0.27916    0.05908
   0.36526    2.67844    2.68166    0.15394    0.12994    0.13445    0.63735    1.21295    1.12351    0.33078    0.03482
   0.36699    2.67719    2.68051    0.17872    0.15554    0.11345    0.59032    1.18947    1.16113    0.38523    0.01682
   0.36872    2.67445    2.67787    0.20505    0.18317    0.09401    0.54363    1.16257    1.19503    0.44205    0.00525
   0.37046    2.67023    2.67374    0.23286    0.21275    0.07620    0.49754    1.13243    1.22497    0.50075    0.00023
   0.37219    2.66451    2.66812    0.26205    0.24418    0.06012    0.45228    1.09922    1.25072    0.56080    0.00180
   0.37392    2.65731    2.66100    0.29254    0.27736    0.04582    0.40807    1.06316    1.27209    0.62171    0.00996
   0.37565    2.64862    2.65239    0.32423    0.31219    0.03337    0.36515    1.02445    1.28891    0.68293    0.02462
   0.37738    2.63846    2.64231    0.35702    0.34854    0.02283    0.32373    0.98335    1.30108    0.74393    0.04564
   0.37911    2.62683    2.63075    0.39081    0.38632    0.01425    0.28403    0.94010    1.30849    0.80420    0.07280
   0.38084    2.61374    2.61773    0.42550    0.42538    0.00766    0.24624    0.89498    1.31109    0.86321    0.10583
   0.38257    2.59922    2.60327    0.46097    0.46562    0.00308    0.21057    0.84826    1.30886    0.92044    0.14440
   0.38430    2.58327    2.58738    0.49713    0.50691    0.00055    0.17719    0.80023    1.30182    0.97541    0.18813
   0.38604    2.56592    2.57009    0.53385    0.54910    0.00007    0.14627    0.75120    1.29002    1.02764    0.23657
   0.38777    2.54719    2.55141    0.57102    0.59207    0.00165    0.11799    0.70146    1.27355    1.07667    0.28924
   0.38950    2.52710    2.53136    0.60854    0.63568    0.00527    0.09247    0.65133    1.25253    1.12209    0.34561
   0.39123    2.50569    2.50999    0.64628    0.67980    0.01093    0.06985    0.60112    1.22712    1.16350    0.40511
   0.39296    2.48298    2.48731    0.68413    0.72428    0.01859    0.05024    0.55113    1.19751    1.20056    0.46716
   0.39469    2.45900    2.46336    0.72197    0.76898    0.02822    0.03376    0.50169    1.16392    1.23294    0.53113
   0.39642    2.43378    2.43817    0.75969    0.81377    0.03979    0.02047    0.45310    1.12660    1.26036    0.59639
   0.39815    2.40737    2.41177    0.79719    0.85851    0.05323    0.01045    0.40566    1.08582    1.28260    0.66227
   0.39988    2.37979    2.38421    0.83433    0.90306    0.06850    0.00375    0.35966    1.04189    1.29947    0.72814
   0.40162    2.35110    2.35553    0.87103    0.94728    0.08552    0.00041    0.31539    0.99514    1.31083    0.79332
   0.40335    2.32133    2.32576    0.90716    0.99104    0.10422    0.00043    0.27312    0.94591    1.31658    0.85718
   0.40508    2.29052    2.29496    0.94262    1.03420    0.12452    0.00383    0.23312    0.89457    1.31669    0.91908
   0.40681    2.25872    2.26315    0.97731    1.07664    0.14633    0.01058    0.19563    0.84150    1.31116    0.97841
   0.40854    2.22598    2.23040    1.01113    1.11823    0.16955    0.02065    0.16088    0.78708    1.30004    1.03459
   0.41027    2.19234    2.19675    1.04399    1.15885    0.19410    0.03398    0.12908    0.73172    1.28344    1.08706
   0.41200    2.15785    2.16225    1.07579    1.19838    0.21986    0.05052    0.10044    0.67583    1.26151    1.13531
   0.41373    2.12256    2.12694    1.10645    1.23671    0.24672    0.07018    0.07512    0.61981    1.23444    1.17887
   0.41546    2.08653    2.09089    1.13588    1.27373    0.27457    0.09286    0.05328    0.56408    1.20248    1.21732
   0.41720    2.04981    2.05413    1.16401    1.30934    0.30330    0.11845    0.03505    0.50903    1.16590    1.25028
   0.41893    2.01244    2.01673    1.19077    1.34343    0.33278    0.14683    0.02054    0.45508    1.12503    1.27745
   0.42066    1.97449    1.97874    1.21608    1.37593    0.36289    0.17785    0.00984    0.40262    1.08022    1.29856
   0.42239    1.93600    1.94021    1.23988    1.40674    0.39351    0.21136    0.00302    0.35202    1.03186    1.31343
   0.42412    1.89703    1.90120    1.26212    1.43579    0.42451    0.24720    0.00011    0.30364    0.98037    1.32191
   0.42585    1.85763    1.86175    1.28275    1.46301    0.45577    0.28521    0.00114    0.25785    0.92619    1.32394
   0.42758    1.81786    1.82194    1.30172    1.48833    0.48716    0.32518    0.00609    0.21496    0.86978    1.31951
   0.42931    1.77777    1.78180    1.31900    1.51169    0.51855    0.36695    0.01494    0.17528    0.81164    1.30869
   0.43104    1.73742    1.74139    1.33454    1.53305    0.54983    0.41031    0.02763    0.13910    0.75224    1.29158
   0.43278    1.69686    1.70077    1.34833    1.55237    0.58088    0.45505    0.04409    0.10666    0.69210    1.26838
   0.43451    1.65615    1.66000    1.36035    1.56960    0.61156    0.50097    0.06423    0.07821    0.63173    1.23932
   0.43624    1.61532    1.61911    1.37057    1.58473    0.64178    0.54786    0.08793    0.05393    0.57162    1.20471
   0.43797    1.57445    1.57817    1.37899    1.59772    0.67140    0.59550    0.11505    0.03401    0.51229    1.16488
   0.43970    1.53358    1.53723    1.38561    1.60857    0.70034    0.64369    0.14544    0.01857    0.45424    1.12024
   0.44143    1.49275    1.49634    1.39043    1.61728    0.72847    0.69219    0.17892    0.00772    0.39793    1.07124
   0.44316    1.45202    1.45554    1.39346    1.62383    0.75571    0.74081    0.21531    0.00155    0.34384    1.01835
   0.44489    1.41144    1.41488    1.39471    1.62825    0.78196    0.78932    0.25440    0.00009    0.29241    0.96210
   0.44662    1.37105    1.37442    1.39421    1.63055    0.80712    0.83752    0.29598    0.00334    0.24407    0.90303
   0.44835    1.33089    1.33419    1.39198    1.63074    0.83112    0.88521    0.33981    0.01130    0.19921    0.84173
   0.45009    1.29102    1.29424    1.38804    1.62886    0.85388    0.93218    0.38567    0.02391    0.15818    0.77877
   0.45182    1.25147    1.25462    1.38244    1.62495    0.87533    0.97824    0.43330    0.04107    0.12133    0.71476
   0.45355    1.21229    1.21535    1.37521    1.61903    0.89541    1.02321    0.48244    0.06269    0.08894    0.65033
   0.45528    1.17351    1.17649    1.36639    1.61116    0.91405    1.06690    0.53284    0.08861    0.06129    0.58606
   0.45701    1.13517    1.13808    1.35605    1.60139    0.93121    1.10916    0.58424    0.11866    0.03857    0.52258
   0.45874    1.09730    1.10013    1.34421    1.58977    0.94685    1.14981    0.63637    0.15266    0.02098    0.46049
   0.46047    1.05995    1.06270    1.33095    1.57637    0.96093    1.18872    0.68896    0.19039    0.00865    0.40035
   0.46220    1.02313    1.02580    1.31631    1.56124    0.97341    1.22574    0.74174    0.23159    0.00168    0.34272
   0.46393    0.98689    0.98948    1.30037    1.54447    0.98429    1.26074    0.79447    0.27603    0.00012    0.28815
   0.46567    0.95125    0.95376    1.28317    1.52611    0.99354    1.29360    0.84688    0.32340    0.00399    0.23713
   0.46740    0.91623    0.91866    1.26480    1.50625    1.00116    1.32423    0.89871    0.37344    0.01324    0.19012
   0.46913    0.88186    0.88422    1.24531    1.48497    1.00714    1.35254    0.94973    0.42582    0.02782    0.14755
   0.47086    0.84816    0.85044    1.22477    1.46234    1.01150    1.37843    0.99970    0.48023    0.04762    0.10980
   0.47259    0.81515    0.81736    1.20327    1.43846    1.01423    1.40185    1.04840    0.53635    0.07248    0.07721
   0.47432    0.78286    0.78498    1.18086    1.41339    1.01536    1.42273    1.09560    0.59385    0.10223    0.05007
   0.47605    0.75128    0.75334    1.15762    1.38723    1.01492    1.44105    1.14110    0.65239    0.13665    0.02862
   0.47778    0.72045    0.72243    1.13362    1.36007    1.01293    1.45676    1.18472    0.71164    0.17549    0.01305
   0.47951    0.69037    0.69228    1.10894    1.33199    1.00942    1.46985    1.22628    0.77126    0.21847    0.00349
   0.48125    0.66105    0.66289    1.08365    1.30309    1.00444    1.48031    1.26561    0.83092    0.26530    0.00001
   0.48298    0.63250    0.63427    1.05782    1.27343    0.99803    1.48815    1.30258    0.89030    0.31563    0.00266
   0.48471    0.60473    0.60643    1.03152    1.24313    0.99024    1.49339    1.33703    0.94907    0.36914    0.01141
   0.48644    0.57775    0.57937    1.00483    1.21225    0.98112    1.49605    1.36886    1.00694    0.42544    0.02619
   0.48817    0.55154    0.55311    0.97781    1.18088    0.97072    1.49617    1.39797    1.06360    0.48417    0.04687
   0.48990    0.52613    0.52763    0.95052    1.14912    0.95912    1.49380    1.42428    1.11877    0.54493    0.07329
   0.49163    0.50150    0.50294    0.92305    1.11703    0.94636    1.48900    1.44770    1.17217    0.60733    0.10522
   0.49336    0.47766    0.47903    0.89544    1.08470    0.93251    1.48183    1.46820    1.22357    0.67096    0.14242
   0.49509    0.45460    0.45592    0.86777    1.05221    0.91764    1.47237    1.48573    1.27271    0.73541    0.18459
   0.49683    0.43233    0.43358    0.84010    1.01964    0.90181    1.46069    1.50028    1.31938    0.80030    0.23139
   0.49856    0.41082    0.41201    0.81248    0.98704    0.88511    1.44689    1.51183    1.36338    0.86522    0.28246
   0.50029    0.39008    0.39122    0.78496    0.95451    0.86759    1.43105    1.52039    1.40454    0.92978    0.33742
   0.50202    0.37009    0.37118    0.75761    0.92209    0.84932    1.41329    1.52600    1.44268    0.99360    0.39583
   0.50375    0.35086    0.35189    0.73047    0.88986    0.83039    1.39369    1.52868    1.47769    1.05631    0.45728
   0.50548    0.33236    0.33334    0.70359    0.85787    0.81085    1.37238    1.52848    1.50943    1.11757    0.52130
   0.50721    0.31459    0.31552    0.67701    0.82619    0.79079    1.34946    1.52547    1.53781    1.17703    0.58744
   0.50894    0.29753    0.29841    0.65078    0.79487    0.77026    1.32504    1.51972    1.56276    1.23439    0.65521
   0.51067    0.28117    0.28201    0.62494    0.76395    0.74935    1.29924    1.51131    1.58423    1.28934    0.72415
   0.51241    0.26550    0.26630    0.59952    0.73349    0.72810    1.27219    1.50034    1.60218    1.34162    0.79378
   0.51414    0.25050    0.25125    0.57456    0.70353    0.70661    1.24399    1.48690    1.61659    1.39098    0.86363
   0.51587    0.23616    0.23687    0.55009    0.67411    0.68491    1.21476    1.47110    1.62747    1.43719    0.93325
   0.51760    0.22245    0.22313    0.52613    0.64526    0.66309    1.18462    1.45307    1.63486    1.48005    1.00216
   0.51933    0.20938    0.21001    0.50271    0.61702    0.64120    1.15369    1.43293    1.63878    1.51939    1.06996
   0.52106    0.19691    0.19751    0.47985    0.58943    0.61929    1.12209    1.41080    1.63931    1.55506    1.13620
   0.52279    0.18503    0.18560    0.45758    0.56249    0.59742    1.08992    1.38682    1.63650    1.58695    1.20051
   0.52452    0.17372    0.17426    0.43590    0.53625    0.57565    1.05729    1.36111    1.63047    1.61496    1.26250
   0.52625    0.16297    0.16348    0.41484    0.51072    0.55402    1.02431    1.33383    1.62130    1.63903    1.32183
   0.52799    0.15276    0.15324    0.39440    0.48591    0.53258    0.99109    1.30511    1.60911    1.65910    1.37818
   0.52972    0.14307    0.14352    0.37459    0.46184    0.51137    0.95773    1.27508    1.59403    1.67518    1.43125
   0.53145    0.13389    0.13430    0.35542    0.43852    0.49045    0.92431    1.24389    1.57620    1.68725    1.48079
   0.53318    0.12518    0.12558    0.33690    0.41596    0.46983    0.89094    1.21168    1.55576    1.69535    1.52657
   0.53491    0.11695    0.11732    0.31902    0.39416    0.44957    0.85770    1.17858    1.53287    1.69954    1.56839
   0.53664    0.10916    0.10951    0.30179    0.37313    0.42968    0.82467    1.14474    1.50768    1.69989    1.60607
   0.53837    0.10181    0.10213    0.28521    0.35286    0.41021    0.79193    1.11028    1.48036    1.69648    1.63950
   0.54010    0.09487    0.09517    0.26926    0.33336    0.39117    0.75955    1.07533    1.45108    1.68944    1.66856
   0.54183    0.08833    0.08861    0.25396    0.31462    0.37260    0.72760    1.04002    1.42001    1.67887    1.69320
   0.54357    0.08217    0.08243    0.23928    0.29663    0.35450    0.69614    1.00446    1.38731    1.66494    1.71337
   0.54530    0.07637    0.07662    0.22523    0.27939    0.33690    0.66523    0.96878    1.35316    1.64778    1.72905
   0.54703    0.07092    0.07115    0.21179    0.26289    0.31981    0.63492    0.93308    1.31773    1.62758    1.74028
   0.54876    0.06580    0.06602    0.19895    0.24711    0.30325    0.60527    0.89748    1.28120    1.60449    1.74710
   0.55049    0.06100    0.06120    0.18671    0.23204    0.28722    0.57630    0.86206    1.24372    1.57871    1.74959
   0.55222    0.05650    0.05669    0.17504    0.21767    0.27173    0.54806    0.82693    1.20546    1.55043    1.74783
   0.55395    0.05229    0.05246    0.16394    0.20399    0.25679    0.52058    0.79217    1.16658    1.51984    1.74195
   0.55568    0.04835    0.04850    0.15338    0.19097    0.24240    0.49389    0.75786    1.12724    1.48714    1.73210
   0.55741    0.04466    0.04481    0.14336    0.17860    0.22856    0.46800    0.72407    1.08758    1.45254    1.71842
   0.55915    0.04122    0.04136    0.13386    0.16686    0.21527    0.44295    0.69088    1.04774    1.41623    1.70110
   0.56088    0.03801    0.03814    0.12486    0.15574    0.20252    0.41874    0.65835    1.00787    1.37842    1.68032
   0.56261    0.03502    0.03514    0.11635    0.14521    0.19032    0.39539    0.62653    0.96808    1.33931    1.65629
   0.56434    0.03224    0.03234    0.10831    0.13525    0.17865    0.37290    0.59547    0.92850    1.29910    1.62922
   0.56607    0.02965    0.02974    0.10073    0.12585    0.16751    0.35127    0.56522    0.88925    1.25797    1.59933
   0.56780    0.02724    0.02733    0.09358    0.11698    0.15689    0.33051    0.53582    0.85043    1.21611    1.56684
   0.56953    0.02501    0.02509    0.08685    0.10862    0.14678    0.31061    0.50729    0.81214    1.17371    1.53199
   0.57126    0.02294    0.02301    0.08052    0.10076    0.13717    0.29157    0.47967    0.77447    1.13094    1.49501
   0.57299    0.02102    0.02109    0.07457    0.09337    0.12805    0.27337    0.45296    0.73750    1.08797    1.45614
   0.57473    0.01924    0.01930    0.06900    0.08644    0.11939    0.25601    0.42721    0.70130    1.04495    1.41560
   0.57646    0.01760    0.01766    0.06377    0.07993    0.11120    0.23946    0.40240    0.66594    1.00204    1.37363
   0.57819    0.01608    0.01614    0.05888    0.07384    0.10346    0.22373    0.37855    0.63149    0.95937    1.33046
   0.57992    0.01468    0.01473    0.05431    0.06814    0.09614    0.20878    0.35567    0.59798    0.91708    1.28630
   0.58165    0.01339    0.01344    0.05004    0.06282    0.08925    0.19461    0.33374    0.56546    0.87529    1.24138
   0.58338    0.01220    0.01224    0.04606    0.05785    0.08275    0.18118    0.31277    0.53397    0.83412    1.19590
   0.58511    0.01111    0.01115    0.04235    0.05322    0.07664    0.16848    0.29275    0.50355    0.79366    1.15005
   0.58684    0.01010    0.01014    0.03890    0.04891    0.07091    0.15649    0.27366    0.47420    0.75400    1.10403
   0.58857    0.00918    0.00921    0.03570    0.04490    0.06553    0.14518    0.25550    0.44595    0.71524    1.05803
   0.59031    0.00833    0.00836    0.03272    0.04118    0.06048    0.13453    0.23824    0.41881    0.67744    1.01219
   0.59204    0.00756    0.00758    0.02996    0.03772    0.05577    0.12452    0.22187    0.39278    0.64068    0.96670
   0.59377    0.00685    0.00687    0.02741    0.03452    0.05136    0.11511    0.20636    0.36787    0.60499    0.92168
   0.59550    0.00620    0.00622    0.02504    0.03156    0.04725    0.10629    0.19169    0.34407    0.57044    0.87728
   0.59723    0.00561    0.00563    0.02286    0.02882    0.04341    0.09803    0.17784    0.32137    0.53705    0.83362
   0.59896    0.00506    0.00508    0.02084    0.02629    0.03985    0.09030    0.16478    0.29975    0.50486    0.79082
   0.60069    0.00457    0.00459    0.01898    0.02395    0.03653    0.08308    0.15249    0.27921    0.47390    0.74896
   0.60242    0.00412    0.00414    0.01727    0.02180    0.03345    0.07635    0.14093    0.25972    0.44417    0.70815
   0.60415    0.00371    0.00372    0.01569    0.01982    0.03060    0.07008    0.13009    0.24126    0.41568    0.66845
   0.60589    0.00334    0.00335    0.01425    0.01800    0.02795    0.06424    0.11992    0.22381    0.38844    0.62994
   0.60762    0.00300    0.00301    0.01292    0.01633    0.02551    0.05882    0.11041    0.20733    0.36244    0.59266
   0.60935    0.00270    0.00271    0.01170    0.01480    0.02325    0.05380    0.10152    0.19179    0.33767    0.55668
   0.61108    0.00242    0.00243    0.01059    0.01340    0.02116    0.04914    0.09322    0.17718    0.31413    0.52201
   0.61281    0.00217    0.00218    0.00957    0.01211    0.01924    0.04483    0.08549    0.16345    0.29178    0.48869
   0.61454    0.00194    0.00195    0.00864    0.01094    0.01748    0.04084    0.07830    0.15057    0.27061    0.45674
   0.61627    0.00174    0.00174    0.00779    0.00987    0.01585    0.03717    0.07161    0.13851    0.25060    0.42617
   0.61800    0.00155    0.00156    0.00702    0.00889    0.01436    0.03378    0.06541    0.12724    0.23171    0.39698
   0.61973    0.00138    0.00139    0.00631    0.00800    0.01299    0.03066    0.05967    0.11671    0.21391    0.36916
   0.62146    0.00123    0.00124    0.00567    0.00719    0.01174    0.02779    0.05435    0.10690    0.19716    0.34271
   0.62320    0.00110    0.00110    0.00509    0.00646    0.01060    0.02516    0.04944    0.09777    0.18145    0.31761
   0.62493    0.00098    0.00098    0.00456    0.00579    0.00955    0.02274    0.04491    0.08928    0.16671    0.29384
   0.62666    0.00087    0.00087    0.00408    0.00519    0.00860    0.02053    0.04074    0.08141    0.15293    0.27137
   0.62839    0.00077    0.00077    0.00365    0.00464    0.00773    0.01851    0.03690    0.07412    0.14005    0.25017
   0.63012    0.00068    0.00068    0.00326    0.00414    0.00694    0.01667    0.03337    0.06737    0.12804    0.23020
   0.63185    0.00060    0.00061    0.00291    0.00370    0.00622    0.01498    0.03013    0.06114    0.11686    0.21144
   0.63358    0.00053    0.00054    0.00259    0.00329    0.00557    0.01345    0.02717    0.05539    0.10647    0.19385
   0.63531    0.00047    0.00047    0.00230    0.00293    0.00498    0.01205    0.02446    0.05010    0.09683    0.17737
   0.63704    0.00042    0.00042    0.00204    0.00260    0.00444    0.01079    0.02198    0.04524    0.08790    0.16197
   0.63878    0.00037    0.00037    0.00181    0.00231    0.00396    0.00964    0.01972    0.04077    0.07964    0.14761
   0.64051    0.00032    0.00032    0.00160    0.00204    0.00352    0.00859    0.01766    0.03668    0.07201    0.13424
   0.64224    0.00028    0.00028    0.00142    0.00181    0.00313    0.00765    0.01578    0.03293    0.06498    0.12181
   0.64397    0.00025    0.00025    0.00125    0.00159    0.00277    0.00680    0.01408    0.02951    0.05851    0.11028
   0.64570    0.00022    0.00022    0.00110    0.00141    0.00245    0.00603    0.01254    0.02639    0.05257    0.09961
   0.64743    0.00019    0.00019    0.00097    0.00124    0.00216    0.00534    0.01114    0.02354    0.04712    0.08974
   0.64916    0.00016    0.00017    0.00085    0.00108    0.00191    0.00471    0.00988    0.02095    0.04213    0.08064
   0.65089    0.00014    0.00014    0.00074    0.00095    0.00168    0.00415    0.00873    0.01860    0.03757    0.07226
   0.65262    0.00012    0.00012    0.00065    0.00083    0.00147    0.00365    0.00770    0.01647    0.03341    0.06456
   0.65436    0.00011    0.00011    0.00057    0.00072    0.00129    0.00320    0.00678    0.01454    0.02962    0.05750
   0.65609    0.00009    0.00009    0.00049    0.00063    0.00112    0.00280    0.00594    0.01280    0.02617    0.05104
   0.65782    0.00008    0.00008    0.00043    0.00054    0.00098    0.00244    0.00519    0.01122    0.02304    0.04513
   0.65955    0.00007    0.00007    0.00037    0.00047    0.00085    0.00212    0.00452    0.00981    0.02021    0.03975
   0.66128    0.00006    0.00006    0.00032    0.00040    0.00073    0.00183    0.00392    0.00854    0.01765    0.03486
   0.66301    0.00005    0.00005    0.00027    0.00035    0.00063    0.00158    0.00339    0.00739    0.01535    0.03042
   0.66474    0.00004    0.00004    0.00023    0.00030    0.00054    0.00135    0.00291    0.00637    0.01327    0.02640
   0.66647    0.00004    0.00004    0.00020    0.00025    0.00046    0.00115    0.00249    0.00546    0.01141    0.02277
   0.66820    0.00003    0.00003    0.00017    0.00021    0.00039    0.00097    0.00211    0.00465    0.00974    0.01950
   0.66994    0.00003    0.00003    0.00014    0.00018    0.00032    0.00082    0.00178    0.00393    0.00825    0.01658
   0.67167    0.00002    0.00002    0.00011    0.00015    0.00027    0.00068    0.00149    0.00329    0.00693    0.01396
   0.67340    0.00002    0.00002    0.00009    0.00012    0.00022    0.00056    0.00123    0.00273    0.00576    0.01163
   0.67513    0.00001    0.00001    0.00008    0.00010    0.00018    0.00046    0.00100    0.00223    0.00472    0.00957
   0.67686    0.00001    0.00001    0.00006    0.00008    0.00015    0.00037    0.00081    0.00180    0.00382    0.00775
   0.67859    0.00001    0.00001    0.00005    0.00006    0.00011    0.00029    0.00064    0.00143    0.00303    0.00616
   0.68032    0.00001    0.00001    0.00004    0.00005    0.00009    0.00023    0.00049    0.00110    0.00235    0.00479
   0.68205    0.00000    0.00000    0.00003    0.00004    0.00007    0.00017    0.00037    0.00083    0.00177    0.00361
   0.68378    0.00000    0.00000    0.00002    0.00003    0.00005    0.00012    0.00027    0.00060    0.00128    0.00262
   0.68552    0.00000    0.00000    0.00001    0.00002    0.00003    0.00008    0.00018    0.00041    0.00088    0.00180
   0.68725    0.00000    0.00000    0.00001    0.00001    0.00002    0.00005    0.00012    0.00026    0.00056    0.00114
   0.68898    0.00000    0.00000    0.00000    0.00001    0.00001    0.00003    0.00006    0.00014    0.00031    0.00064
   0.69071    0.00000    0.00000    0.00000    0.00000    0.00001    0.00001    0.00003    0.00006    0.00014    0.00028
   0.69244    0.00000    0.00000    0.00000    0.00000    0.00000    0.00000    0.00001    0.00002    0.00003    0.00007
