  0.10000000000000001       0.28274334669113160     
  0.20000000000000001       0.28274334669113160     
  0.30000000000000004       0.28274334669113160     
  0.40000000000000002       0.28274334669113160     
  0.50000000000000000       0.28274334669113160     
  0.59999999999999998       0.28274334669113160     
  0.69999999999999996       0.28274334669113160     
  0.79999999999999993       0.28274334669113160     
  0.89999999999999991       0.28274334669113160     
  0.99999999999999989       0.28274334669113160     
   1.0999999999999999       0.28274334669113160     
   1.2000000000000000       0.28274334669113160     
   1.3000000000000000       0.28274334669113160     
   1.4000000000000001       0.28274334669113160     
   1.5000000000000002       0.28274334669113160     
   1.6000000000000003       0.28274334669113160     
   1.7000000000000004       0.28274334669113160     
   1.8000000000000005       0.28274334669113160     
   1.9000000000000006       0.28274334669113160     
   2.0000000000000004       0.28274334669113160     
   2.1000000000000005       0.28274334669113160     
   2.2000000000000006       0.28274334669113160     
   2.3000000000000007       0.28274334669113160     
   2.4000000000000008       0.28274334669113160     
   2.5000000000000009       0.28274334669113160     
   2.6000000000000010       0.28274334669113160     
   2.7000000000000011       0.28274334669113160     
   2.8000000000000012       0.28274334669113160     
   2.9000000000000012       0.28274334669113160     
   3.0000000000000013       0.28274334669113160     
   3.1000000000000014       0.28274334669113160     
   3.2000000000000015       0.28274334669113160     
   3.3000000000000016       0.28274334669113160     
   3.4000000000000017       0.28274334669113160     
   3.5000000000000018       0.28274334669113160     
   3.6000000000000019       0.28274334669113160     
   3.7000000000000020       0.28274334669113160     
   3.8000000000000020       0.28274334669113160     
   3.9000000000000021       0.28274334669113160     
   4.0000000000000018       0.28274334669113160     
   4.1000000000000014       0.28274334669113160     
   4.2000000000000011       0.28274334669113160     
   4.3000000000000007       0.28274334669113160     
   4.4000000000000004       0.28274334669113160     
   4.5000000000000000       0.28274334669113160     
   4.5999999999999996       0.28274334669113160     
   4.6999999999999993       0.28274334669113160     
   4.7999999999999989       0.28274334669113160     
   4.8999999999999986       0.28274334669113160     
   4.9999999999999982       0.28274334669113160     
   5.0999999999999979       0.28274334669113160     
   5.1999999999999975       0.28274334669113160     
   5.2999999999999972       0.28274334669113160     
   5.3999999999999968       0.28274334669113160     
   5.4999999999999964       0.28274334669113160     
   5.5999999999999961       0.28274334669113160     
   5.6999999999999957       0.28274334669113160     
   5.7999999999999954       0.28274334669113160     
   5.8999999999999950       0.28274334669113160     
   5.9999999999999947       0.28274334669113160     
   6.0999999999999943       0.28274334669113160     
   6.1999999999999940       0.28274334669113160     
   6.2999999999999936       0.28274334669113160     
   6.3999999999999932       0.28274334669113160     
   6.4999999999999929       0.28274334669113160     
   6.5999999999999925       0.28274334669113160     
   6.6999999999999922       0.28274334669113160     
   6.7999999999999918       0.28274334669113160     
   6.8999999999999915       0.28274334669113160     
   6.9999999999999911       0.28274334669113160     
   7.0999999999999908       0.28274334669113160     
   7.1999999999999904       0.28274334669113160     
   7.2999999999999901       0.28274334669113160     
   7.3999999999999897       0.28274334669113160     
   7.4999999999999893       0.28274334669113160     
   7.5999999999999890       0.28274334669113160     
   7.6999999999999886       0.28274334669113160     
   7.7999999999999883       0.28274334669113160     
   7.8999999999999879       0.28274334669113160     
   7.9999999999999876       0.28274334669113160     
   8.0999999999999872       0.28274334669113160     
   8.1999999999999869       0.28274334669113160     
   8.2999999999999865       0.28274334669113160     
   8.3999999999999861       0.28274334669113160     
   8.4999999999999858       0.28274334669113160     
   8.5999999999999854       0.28274334669113160     
   8.6999999999999851       0.28274334669113160     
   8.7999999999999847       0.28274334669113160     
   8.8999999999999844       0.28274334669113160     
   8.9999999999999840       0.28274334669113160     
   9.0999999999999837       0.28274334669113160     
   9.1999999999999833       0.28274334669113160     
   9.2999999999999829       0.28274334669113160     
   9.3999999999999826       0.28274334669113160     
   9.4999999999999822       0.28274334669113160     
   9.5999999999999819       0.28274334669113160     
   9.6999999999999815       0.28274334669113160     
   9.7999999999999812       0.28274334669113160     
   9.8999999999999808       0.28274334669113160     
   9.9999999999999805       0.28274334669113160     
   10.099999999999980       0.28274334669113160     
   10.199999999999980       0.28274334669113160     
   10.299999999999979       0.28274334669113160     
   10.399999999999979       0.28274334669113160     
   10.499999999999979       0.28274334669113160     
   10.599999999999978       0.28274334669113160     
   10.699999999999978       0.28274334669113160     
   10.799999999999978       0.28274334669113160     
   10.899999999999977       0.28274334669113160     
   10.999999999999977       0.28274334669113160     
   11.099999999999977       0.28274334669113160     
   11.199999999999976       0.28274334669113160     
   11.299999999999976       0.28274334669113160     
   11.399999999999975       0.28274334669113160     
   11.499999999999975       0.28274334669113160     
   11.599999999999975       0.28274334669113160     
   11.699999999999974       0.28274334669113160     
   11.799999999999974       0.28274334669113160     
   11.899999999999974       0.28274334669113160     
   11.999999999999973       0.28274334669113160     
   12.099999999999973       0.28274334669113160     
   12.199999999999973       0.28274334669113160     
   12.299999999999972       0.28274334669113160     
   12.399999999999972       0.28274334669113160     
   12.499999999999972       0.28274334669113160     
   12.599999999999971       0.28274334669113160     
   12.699999999999971       0.28274334669113160     
   12.799999999999971       0.28274334669113160     
   12.899999999999970       0.28274334669113160     
   12.999999999999970       0.28274334669113160     
   13.099999999999969       0.28274334669113160     
   13.199999999999969       0.28274334669113160     
   13.299999999999969       0.28274334669113160     
   13.399999999999968       0.28274334669113160     
   13.499999999999968       0.28274334669113160     
   13.599999999999968       0.28274334669113160     
   13.699999999999967       0.28274334669113160     
   13.799999999999967       0.28274334669113160     
   13.899999999999967       0.28274334669113160     
   13.999999999999966       0.28274334669113160     
   14.099999999999966       0.28274334669113160     
   14.199999999999966       0.28274334669113160     
   14.299999999999965       0.28274334669113160     
   14.399999999999965       0.28274334669113160     
   14.499999999999964       0.28274334669113160     
   14.599999999999964       0.28274334669113160     
   14.699999999999964       0.28274334669113160     
   14.799999999999963       0.28274334669113160     
   14.899999999999963       0.28274334669113160     
   14.999999999999963       0.28274334669113160     
   15.099999999999962       0.28274334669113160     
   15.199999999999962       0.28274334669113160     
   15.299999999999962       0.28274334669113160     
   15.399999999999961       0.28274334669113160     
   15.499999999999961       0.28274334669113160     
   15.599999999999961       0.28274334669113160     
   15.699999999999960       0.28274334669113160     
   15.799999999999960       0.28274334669113160     
   15.899999999999959       0.28274334669113160     
   15.999999999999959       0.28274334669113160     
   16.099999999999959       0.28274334669113160     
   16.199999999999960       0.28274334669113160     
   16.299999999999962       0.28274334669113160     
   16.399999999999963       0.28274334669113160     
   16.499999999999964       0.28274334669113160     
   16.599999999999966       0.28274334669113160     
   16.699999999999967       0.28274334669113160     
   16.799999999999969       0.28274334669113160     
   16.899999999999970       0.28274334669113160     
   16.999999999999972       0.28274334669113160     
   17.099999999999973       0.28274334669113160     
   17.199999999999974       0.28274334669113160     
   17.299999999999976       0.28274334669113160     
   17.399999999999977       0.28274334669113160     
   17.499999999999979       0.28274334669113160     
   17.599999999999980       0.28274334669113160     
   17.699999999999982       0.28274334669113160     
   17.799999999999983       0.28274334669113160     
   17.899999999999984       0.28274334669113160     
   17.999999999999986       0.28274334669113160     
   18.099999999999987       0.28274334669113160     
   18.199999999999989       0.28274334669113160     
   18.299999999999990       0.28274334669113160     
   18.399999999999991       0.28274334669113160     
   18.499999999999993       0.28274334669113160     
   18.599999999999994       0.28274334669113160     
   18.699999999999996       0.28274334669113160     
   18.799999999999997       0.28274334669113160     
