           1   25.002500125004165     
           2   8.3441732105350006     
           3   4.1902918955312636     
           4   2.5408793845445614     
           5   1.7295678491749245     
           6   1.2807901170319034     
           7   1.0170933232231887     
           8  0.86098202469085527     
           9  0.77576190299555037     
          10  0.74438722933981405     
          11  0.76094424959680573     
          12  0.82639789698701016     
          13  0.94388580079614592     
          14   1.1084930615657020     
          15   1.2901492601904530     
          16   1.4296553582532787     
          17   1.4791931874260431     
          18   1.4466207516156149     
          19   1.3743761502906395     
          20   1.2966112117174462     
          21   1.2282388690193193     
          22   1.1728129609277205     
          23   1.1298641384131727     
          24   1.0980719030772996     
          25   1.0761424168343210     
          26   1.0629248772112871     
          27   1.0573568310411328     
          28   1.0583884863084583     
          29   1.0649151220862283     
          30   1.0757277256796081     
          31   1.0894930257940567     
          32   1.1047751174667932     
          33   1.1201065828285870     
          34   1.1341055224149033     
          35   1.1456181891669390     
          36   1.1538518611619850     
          37   1.1584585177840097     
          38   1.1595422119031888     
          39   1.1575878164108813     
          40   1.1533340539298511     
          41   1.1476273841209714     
          42   1.1412912737575915     
          43   1.1350323620493605     
          44   1.1293895298450178     
          45   1.1247203201137557     
          46   1.1212136788719740     
          47   1.1189175006429930     
          48   1.1177717422230833     
          49   1.1176409923684045     
          50   1.1183432138866052     
          51   1.1196734427273982     
          52   1.1214224790463172     
          53   1.1233911780741721     
          54   1.1254010564814196     
          55   1.1273017896784683     
          56   1.1289759674433395     
          57   1.1303413195851277     
          58   1.1313505734487790     
          59   1.1319891574035699     
          60   1.1322710793542887     
          61   1.1322334346800138     
          62   1.1319300888080925     
          63   1.1314251091189538     
          64   1.1307864831853036     
          65   1.1300805665930274     
          66   1.1293675746832894     
          67   1.1286982917688220     
          68   1.1281120387201811     
          69   1.1276358290536044     
          70   1.1272845617582354     
          71   1.1270620473759247     
          72   1.1269626397195394     
          73   1.1269732444418965     
          74   1.1270754920786701     
          75   1.1272478919267130     
          76   1.1274678194201773     
          77   1.1277132293959644     
          78   1.1279640273177496     
          79   1.1282030673467487     
          80   1.1284167780083560     
          81   1.1285954417454096     
          82   1.1287331732466497     
          83   1.1288276531386496     
          84   1.1288796790247873     
          85   1.1288925959191465     
          86   1.1288716640312377     
          87   1.1288234148244130     
          88   1.1287550374301367     
          89   1.1286738278255521     
          90   1.1285867234556655     
          91   1.1284999367905526     
          92   1.1284186930645603     
          93   1.1283470704119889     
          94   1.1282879349358910     
          95   1.1282429589732776     
          96   1.1282127079263284     
          97   1.1281967794339285     
          98   1.1281939782335173     
          99   1.1282025106489941     
         100   1.1282201840500843     
         101   1.1282445986617322     
         102   1.1282733215521001     
         103   1.1283040352939113     
         104   1.1283346564886805     
         105   1.1283634219033569     
         106   1.1283889422606317     
         107   1.1284102256489279     
         108   1.1284266740149498     
         109   1.1284380572458974     
         110   1.1284444699482972     
         111   1.1284462762218319     
         112   1.1284440475666637     
         113   1.1284384986208635     
         114   1.1284304247777759     
         115   1.1284206449559635     
         116   1.1284099519579089     
         117   1.1283990720180961     
         118   1.1283886343558089     
         119   1.1283791508498751     
         120   1.1283710053662817     
         121   1.1283644518084928     
         122   1.1283596196280146     
         123   1.1283565253253096     
         124   1.1283550883784694     
         125   1.1283551500438902     
         126   1.1283564935634567     
         127   1.1283588644669114     
         128   1.1283619898579129     
         129   1.1283655957998722     
         130   1.1283694221565010     
         131   1.1283732344777726     
         132   1.1283768327428105     
         133   1.1283800569679210     
         134   1.1283827898535712     
         135   1.1283849567752919     
         136   1.1283865235180088     
         137   1.1283874922121833     
         138   1.1283878959557465     
         139   1.1283877926017369     
         140   1.1283872581628172     
         141   1.1283863802355025     
         142   1.1283852517850819     
         143   1.1283839655614905     
         144   1.1283826093427782     
         145   1.1283812621298988     
         146   1.1283799913483936     
         147   1.1283788510521402     
         148   1.1283778810732537     
         149   1.1283771070219106     
         150   1.1283765410107809     
         151   1.1283761829603314     
         152   1.1283760223333454     
         153   1.1283760401476564     
         154   1.1283762111246667     
         155   1.1283765058454656     
         156   1.1283768928050923     
         157   1.1283773402767796     
         158   1.1283778179206636     
         159   1.1283782980938597     
         160   1.1283787568399521     
         161   1.1283791745553136     
         162   1.1283795363458402     
         163   1.1283798321011993     
         164   1.1283800563235489     
         165   1.1283802077544323     
         166   1.1283802888470578     
         167   1.1283803051319201     
         168   1.1283802645219916     
         169   1.1283801765998012     
         170   1.1283800519237821     
         171   1.1283799013846076     
         172   1.1283797356356096     
         173   1.1283795646141825     
         174   1.1283793971644003     
         175   1.1283792407645901     
         176   1.1283791013580573     
         177   1.1283789832806255     
         178   1.1283788892746880     
         179   1.1283788205769520     
         180   1.1283787770654317     
         181   1.1283787574502826     
         182   1.1283787594934440     
         183   1.1283787802425465     
         184   1.1283788162662067     
         185   1.1283788638793795     
         186   1.1283789193495923     
         187   1.1283789790771190     
         188   1.1283790397442650     
         189   1.1283790984310746     
         190   1.1283791526968376     
         191   1.1283792006282243     
         192   1.1283792408565108     
         193   1.1283792725474020     
         194   1.1283792953675835     
         195   1.1283793094328833     
         196   1.1283793152428598     
         197   1.1283793136067324     
         198   1.1283793055652056     
         199   1.1283792923123146     
         200   1.1283792751208783     
         201   1.1283792552744272     
         202   1.1283792340078016     
         203   1.1283792124580014     
         204   1.1283791916259680     
         205   1.1283791723497032     
         206   1.1283791552882636     
         207   1.1283791409159474     
         208   1.1283791295255068     
         209   1.1283791212390599     
         210   1.1283791160251317     
         211   1.1283791137202772     
         212   1.1283791140536694     
         213   1.1283791166731896     
         214   1.1283791211716137     
         215   1.1283791271118375     
         216   1.1283791340499345     
         217   1.1283791415556139     
         218   1.1283791492292607     
         219   1.1283791567154211     
         220   1.1283791637125691     
         221   1.1283791699792221     
         222   1.1283791753366565     
         223   1.1283791796684737     
         224   1.1283791829175827     
         225   1.1283791850809726     
         226   1.1283791862028161     
         227   1.1283791863664716     
         228   1.1283791856858132     
         229   1.1283791842963897     
         230   1.1283791823468210     
         231   1.1283791799907261     
         232   1.1283791773795211     
         233   1.1283791746562335     
         234   1.1283791719504794     
         235   1.1283791693746819     
         236   1.1283791670214947     
         237   1.1283791649624015     
         238   1.1283791632474136     
         239   1.1283791619057091     
         240   1.1283791609470453     
         241   1.1283791603638440     
         242   1.1283791601337292     
         243   1.1283791602223463     
         244   1.1283791605863251     
         245   1.1283791611762541     
         246   1.1283791619395094     
         247   1.1283791628228608     
         248   1.1283791637747622     
         249   1.1283791647472969     
         250   1.1283791656976829     
         251   1.1283791665894196     
         252   1.1283791673929964     
         253   1.1283791680862285     
         254   1.1283791686542446     
         255   1.1283791690891758     
         256   1.1283791693896084     
         257   1.1283791695598178     
         258   1.1283791696088732     
         259   1.1283791695496719     
         260   1.1283791693979279     
         261   1.1283791691711766     
         262   1.1283791688878240     
         263   1.1283791685663038     
         264   1.1283791682243103     
         265   1.1283791678781705     
         266   1.1283791675423700     
         267   1.1283791672291827     
         268   1.1283791669484493     
         269   1.1283791667074987     
         270   1.1283791665111436     
         271   1.1283791663618274     
         272   1.1283791662597911     
         273   1.1283791662033664     
         274   1.1283791661892553     
         275   1.1283791662128781     
         276   1.1283791662687148     
         277   1.1283791663506373     
         278   1.1283791664522318     
         279   1.1283791665670913     
         280   1.1283791666890584     
         281   1.1283791668124590     
         282   1.1283791669322469     
         283   1.1283791670441377     
         284   1.1283791671446837     
         285   1.1283791672312966     
         286   1.1283791673022667     
         287   1.1283791673566859     
         288   1.1283791673944177     
         289   1.1283791674159993     
         290   1.1283791674225243     
         291   1.1283791674155546     
         292   1.1283791673969765     
         293   1.1283791673689079     
         294   1.1283791673335748     
         295   1.1283791672932155     
         296   1.1283791672500001     
         297   1.1283791672059373     
         298   1.1283791671628332     
         299   1.1283791671222332     
         300   1.1283791670854064     
         301   1.1283791670533165     
         302   1.1283791670266357     
         303   1.1283791670057384     
         304   1.1283791669907397     
         305   1.1283791669815106     
         306   1.1283791669777159     
         307   1.1283791669788603     
         308   1.1283791669843100     
         309   1.1283791669933454     
         310   1.1283791670051955     
         311   1.1283791670190870     
         312   1.1283791670342374     
         313   1.1283791670499304     
         314   1.1283791670655030     
         315   1.1283791670803915     
         316   1.1283791670941017     
         317   1.1283791671062657     
         318   1.1283791671166026     
         319   1.1283791671249375     
         320   1.1283791671311956     
         321   1.1283791671353922     
         322   1.1283791671376029     
         323   1.1283791671379861     
         324   1.1283791671367376     
         325   1.1283791671340975     
         326   1.1283791671303276     
         327   1.1283791671257015     
         328   1.1283791671204892     
         329   1.1283791671149630     
         330   1.1283791671093502     
         331   1.1283791671038805     
         332   1.1283791670987309     
         333   1.1283791670940639     
         334   1.1283791670899899     
         335   1.1283791670865895     
         336   1.1283791670839094     
         337   1.1283791670819674     
         338   1.1283791670807466     
         339   1.1283791670802055     
         340   1.1283791670802954     
         341   1.1283791670809236     
         342   1.1283791670820196     
         343   1.1283791670834742     
         344   1.1283791670852070     
         345   1.1283791670871131     
         346   1.1283791670891039     
         347   1.1283791670911014     
         348   1.1283791670930259     
         349   1.1283791670948251     
         350   1.1283791670964405     
         351   1.1283791670978376     
         352   1.1283791670989876     
         353   1.1283791670998828     
         354   1.1283791671005172     
         355   1.1283791671008983     
         356   1.1283791671010421     
         357   1.1283791671009722     
         358   1.1283791671007095     
         359   1.1283791671002974     
         360   1.1283791670997565     
         361   1.1283791670991252     
         362   1.1283791670984384     
         363   1.1283791670977257     
         364   1.1283791670970129     
         365   1.1283791670963308     
         366   1.1283791670956975     
         367   1.1283791670951253     
         368   1.1283791670946357     
         369   1.1283791670942314     
         370   1.1283791670939154     
         371   1.1283791670936962     
         372   1.1283791670935661     
         373   1.1283791670935153     
         374   1.1283791670935486     
         375   1.1283791670936425     
         376   1.1283791670937884     
         377   1.1283791670939829     
         378   1.1283791670942105     
         379   1.1283791670944525     
         380   1.1283791670947083     
         381   1.1283791670949643     
         382   1.1283791670952090     
         383   1.1283791670954373     
         384   1.1283791670956391     
         385   1.1283791670958176     
         386   1.1283791670959640     
         387   1.1283791670960810     
         388   1.1283791670961625     
         389   1.1283791670962104     
         390   1.1283791670962300     
         391   1.1283791670962258     
         392   1.1283791670961953     
         393   1.1283791670961445     
         394   1.1283791670960741     
         395   1.1283791670959982     
         396   1.1283791670959116     
         397   1.1283791670958194     
         398   1.1283791670957268     
         399   1.1283791670956373     
         400   1.1283791670955534     
         401   1.1283791670954848     
         402   1.1283791670954164     
         403   1.1283791670953598     
         404   1.1283791670953172     
         405   1.1283791670952856     
         406   1.1283791670952641     
         407   1.1283791670952545     
         408   1.1283791670952523     
         409   1.1283791670952608     
         410   1.1283791670952812     
         411   1.1283791670953034     
         412   1.1283791670953305     
         413   1.1283791670953589     
         414   1.1283791670953929     
         415   1.1283791670954237     
         416   1.1283791670954586     
         417   1.1283791670954866     
         418   1.1283791670955154     
         419   1.1283791670955365     
         420   1.1283791670955599     
         421   1.1283791670955778     
         422   1.1283791670955901     
         423   1.1283791670956014     
         424   1.1283791670956045     
         425   1.1283791670956065     
         426   1.1283791670956060     
         427   1.1283791670955989     
         428   1.1283791670955929     
         429   1.1283791670955838     
         430   1.1283791670955727     
         431   1.1283791670955627     
         432   1.1283791670955501     
         433   1.1283791670955376     
         434   1.1283791670955272     
         435   1.1283791670955137     
         436   1.1283791670955088     
         437   1.1283791670955010     
         438   1.1283791670954930     
         439   1.1283791670954899     
         440   1.1283791670954830     
         441   1.1283791670954804     
         442   1.1283791670954788     
         443   1.1283791670954801     
         444   1.1283791670954784     
         445   1.1283791670954808     
         446   1.1283791670954830     
         447   1.1283791670954870     
         448   1.1283791670954935     
         449   1.1283791670954946     
         450   1.1283791670955023     
         451   1.1283791670955041     
         452   1.1283791670955097     
         453   1.1283791670955128     
         454   1.1283791670955146     
         455   1.1283791670955188     
         456   1.1283791670955174     
         457   1.1283791670955226     
         458   1.1283791670955272     
         459   1.1283791670955261     
         460   1.1283791670955239     
         461   1.1283791670955252     
         462   1.1283791670955261     
         463   1.1283791670955239     
         464   1.1283791670955250     
         465   1.1283791670955203     
         466   1.1283791670955221     
         467   1.1283791670955166     
         468   1.1283791670955181     
         469   1.1283791670955139     
         470   1.1283791670955126     
         471   1.1283791670955139     
         472   1.1283791670955099     
         473   1.1283791670955110     
         474   1.1283791670955092     
         475   1.1283791670955103     
         476   1.1283791670955075     
         477   1.1283791670955070     
         478   1.1283791670955083     
         479   1.1283791670955092     
         480   1.1283791670955092     
         481   1.1283791670955092     
         482   1.1283791670955097     
         483   1.1283791670955061     
         484   1.1283791670955126     
         485   1.1283791670955099     
         486   1.1283791670955121     
         487   1.1283791670955121     
         488   1.1283791670955132     
         489   1.1283791670955137     
         490   1.1283791670955128     
         491   1.1283791670955123     
         492   1.1283791670955128     
         493   1.1283791670955170     
         494   1.1283791670955168     
         495   1.1283791670955134     
         496   1.1283791670955157     
         497   1.1283791670955134     
         498   1.1283791670955139     
         499   1.1283791670955143     
         500   1.1283791670955148     
         501   1.1283791670955152     
         502   1.1283791670955172     
         503   1.1283791670955157     
         504   1.1283791670955146     
         505   1.1283791670955134     
         506   1.1283791670955163     
         507   1.1283791670955166     
         508   1.1283791670955139     
         509   1.1283791670955146     
         510   1.1283791670955137     
         511   1.1283791670955123     
         512   1.1283791670955121     
         513   1.1283791670955148     
         514   1.1283791670955110     
         515   1.1283791670955119     
         516   1.1283791670955146     
         517   1.1283791670955126     
         518   1.1283791670955134     
         519   1.1283791670955132     
         520   1.1283791670955139     
         521   1.1283791670955148     
         522   1.1283791670955110     
         523   1.1283791670955123     
         524   1.1283791670955128     
         525   1.1283791670955134     
         526   1.1283791670955159     
         527   1.1283791670955123     
         528   1.1283791670955139     
         529   1.1283791670955110     
         530   1.1283791670955132     
         531   1.1283791670955128     
         532   1.1283791670955150     
         533   1.1283791670955137     
         534   1.1283791670955143     
         535   1.1283791670955126     
         536   1.1283791670955146     
         537   1.1283791670955117     
         538   1.1283791670955166     
         539   1.1283791670955150     
         540   1.1283791670955128     
         541   1.1283791670955119     
         542   1.1283791670955132     
         543   1.1283791670955128     
         544   1.1283791670955148     
         545   1.1283791670955143     
         546   1.1283791670955148     
         547   1.1283791670955121     
         548   1.1283791670955114     
         549   1.1283791670955121     
         550   1.1283791670955150     
         551   1.1283791670955168     
         552   1.1283791670955128     
         553   1.1283791670955128     
         554   1.1283791670955126     
         555   1.1283791670955170     
         556   1.1283791670955126     
         557   1.1283791670955154     
         558   1.1283791670955132     
         559   1.1283791670955152     
         560   1.1283791670955146     
         561   1.1283791670955123     
         562   1.1283791670955103     
         563   1.1283791670955143     
         564   1.1283791670955137     
         565   1.1283791670955148     
         566   1.1283791670955154     
         567   1.1283791670955114     
         568   1.1283791670955163     
         569   1.1283791670955150     
         570   1.1283791670955141     
         571   1.1283791670955148     
         572   1.1283791670955172     
         573   1.1283791670955141     
         574   1.1283791670955106     
         575   1.1283791670955143     
         576   1.1283791670955128     
         577   1.1283791670955126     
         578   1.1283791670955137     
         579   1.1283791670955146     
         580   1.1283791670955141     
         581   1.1283791670955132     
         582   1.1283791670955154     
         583   1.1283791670955154     
         584   1.1283791670955137     
         585   1.1283791670955128     
         586   1.1283791670955157     
         587   1.1283791670955134     
         588   1.1283791670955103     
         589   1.1283791670955152     
         590   1.1283791670955123     
         591   1.1283791670955126     
         592   1.1283791670955152     
         593   1.1283791670955143     
         594   1.1283791670955141     
         595   1.1283791670955128     
         596   1.1283791670955114     
         597   1.1283791670955126     
         598   1.1283791670955134     
         599   1.1283791670955154     
         600   1.1283791670955152     
         601   1.1283791670955134     
         602   1.1283791670955143     
         603   1.1283791670955141     
         604   1.1283791670955128     
         605   1.1283791670955134     
         606   1.1283791670955139     
         607   1.1283791670955117     
         608   1.1283791670955128     
         609   1.1283791670955121     
         610   1.1283791670955103     
         611   1.1283791670955157     
         612   1.1283791670955152     
         613   1.1283791670955143     
         614   1.1283791670955157     
         615   1.1283791670955150     
         616   1.1283791670955150     
         617   1.1283791670955143     
         618   1.1283791670955150     
         619   1.1283791670955154     
         620   1.1283791670955143     
         621   1.1283791670955103     
         622   1.1283791670955141     
         623   1.1283791670955159     
         624   1.1283791670955126     
         625   1.1283791670955143     
         626   1.1283791670955150     
         627   1.1283791670955152     
         628   1.1283791670955143     
         629   1.1283791670955141     
         630   1.1283791670955132     
         631   1.1283791670955152     
         632   1.1283791670955159     
         633   1.1283791670955152     
         634   1.1283791670955110     
         635   1.1283791670955141     
         636   1.1283791670955137     
         637   1.1283791670955150     
         638   1.1283791670955163     
         639   1.1283791670955137     
         640   1.1283791670955157     
         641   1.1283791670955139     
         642   1.1283791670955132     
         643   1.1283791670955146     
         644   1.1283791670955161     
         645   1.1283791670955166     
         646   1.1283791670955143     
         647   1.1283791670955150     
         648   1.1283791670955166     
         649   1.1283791670955159     
         650   1.1283791670955150     
         651   1.1283791670955134     
         652   1.1283791670955186     
         653   1.1283791670955132     
         654   1.1283791670955139     
         655   1.1283791670955119     
         656   1.1283791670955154     
         657   1.1283791670955132     
         658   1.1283791670955126     
         659   1.1283791670955141     
         660   1.1283791670955132     
         661   1.1283791670955148     
         662   1.1283791670955137     
         663   1.1283791670955123     
         664   1.1283791670955163     
         665   1.1283791670955132     
         666   1.1283791670955137     
         667   1.1283791670955143     
         668   1.1283791670955143     
         669   1.1283791670955177     
         670   1.1283791670955143     
         671   1.1283791670955128     
         672   1.1283791670955110     
         673   1.1283791670955143     
         674   1.1283791670955161     
         675   1.1283791670955137     
         676   1.1283791670955143     
         677   1.1283791670955146     
         678   1.1283791670955154     
         679   1.1283791670955159     
         680   1.1283791670955141     
         681   1.1283791670955143     
         682   1.1283791670955161     
         683   1.1283791670955154     
         684   1.1283791670955161     
         685   1.1283791670955141     
         686   1.1283791670955152     
         687   1.1283791670955172     
         688   1.1283791670955152     
         689   1.1283791670955146     
         690   1.1283791670955141     
         691   1.1283791670955143     
         692   1.1283791670955166     
         693   1.1283791670955128     
         694   1.1283791670955148     
         695   1.1283791670955186     
         696   1.1283791670955128     
         697   1.1283791670955134     
         698   1.1283791670955154     
         699   1.1283791670955146     
         700   1.1283791670955157     
         701   1.1283791670955121     
         702   1.1283791670955148     
         703   1.1283791670955141     
         704   1.1283791670955143     
         705   1.1283791670955128     
         706   1.1283791670955126     
         707   1.1283791670955179     
         708   1.1283791670955163     
         709   1.1283791670955134     
         710   1.1283791670955152     
         711   1.1283791670955137     
         712   1.1283791670955128     
         713   1.1283791670955146     
         714   1.1283791670955157     
         715   1.1283791670955148     
         716   1.1283791670955132     
         717   1.1283791670955137     
         718   1.1283791670955141     
         719   1.1283791670955179     
         720   1.1283791670955143     
         721   1.1283791670955166     
         722   1.1283791670955154     
         723   1.1283791670955148     
         724   1.1283791670955152     
         725   1.1283791670955143     
         726   1.1283791670955126     
         727   1.1283791670955168     
         728   1.1283791670955157     
         729   1.1283791670955179     
         730   1.1283791670955172     
         731   1.1283791670955114     
         732   1.1283791670955143     
         733   1.1283791670955146     
         734   1.1283791670955168     
         735   1.1283791670955159     
         736   1.1283791670955163     
         737   1.1283791670955161     
         738   1.1283791670955159     
         739   1.1283791670955152     
         740   1.1283791670955157     
         741   1.1283791670955119     
         742   1.1283791670955152     
         743   1.1283791670955159     
         744   1.1283791670955132     
         745   1.1283791670955139     
         746   1.1283791670955174     
         747   1.1283791670955157     
         748   1.1283791670955148     
         749   1.1283791670955157     
         750   1.1283791670955179     
         751   1.1283791670955163     
         752   1.1283791670955150     
         753   1.1283791670955159     
         754   1.1283791670955188     
         755   1.1283791670955168     
         756   1.1283791670955143     
         757   1.1283791670955168     
         758   1.1283791670955143     
         759   1.1283791670955168     
         760   1.1283791670955157     
         761   1.1283791670955157     
         762   1.1283791670955157     
         763   1.1283791670955172     
         764   1.1283791670955179     
         765   1.1283791670955190     
         766   1.1283791670955174     
         767   1.1283791670955179     
         768   1.1283791670955170     
         769   1.1283791670955150     
         770   1.1283791670955154     
         771   1.1283791670955170     
         772   1.1283791670955157     
         773   1.1283791670955170     
         774   1.1283791670955143     
         775   1.1283791670955174     
         776   1.1283791670955181     
         777   1.1283791670955170     
         778   1.1283791670955166     
         779   1.1283791670955157     
         780   1.1283791670955177     
         781   1.1283791670955146     
         782   1.1283791670955159     
         783   1.1283791670955159     
         784   1.1283791670955190     
         785   1.1283791670955154     
         786   1.1283791670955186     
         787   1.1283791670955170     
         788   1.1283791670955146     
         789   1.1283791670955186     
         790   1.1283791670955177     
         791   1.1283791670955128     
         792   1.1283791670955188     
         793   1.1283791670955150     
         794   1.1283791670955152     
         795   1.1283791670955177     
         796   1.1283791670955166     
         797   1.1283791670955181     
         798   1.1283791670955172     
         799   1.1283791670955177     
         800   1.1283791670955163     
         801   1.1283791670955152     
         802   1.1283791670955161     
         803   1.1283791670955163     
         804   1.1283791670955190     
         805   1.1283791670955168     
         806   1.1283791670955152     
         807   1.1283791670955197     
         808   1.1283791670955172     
         809   1.1283791670955148     
         810   1.1283791670955166     
         811   1.1283791670955192     
         812   1.1283791670955186     
         813   1.1283791670955179     
         814   1.1283791670955186     
         815   1.1283791670955186     
         816   1.1283791670955190     
         817   1.1283791670955170     
         818   1.1283791670955177     
         819   1.1283791670955137     
         820   1.1283791670955186     
         821   1.1283791670955163     
         822   1.1283791670955168     
         823   1.1283791670955166     
         824   1.1283791670955146     
         825   1.1283791670955170     
         826   1.1283791670955181     
         827   1.1283791670955154     
         828   1.1283791670955163     
         829   1.1283791670955146     
         830   1.1283791670955170     
         831   1.1283791670955179     
         832   1.1283791670955190     
         833   1.1283791670955168     
         834   1.1283791670955181     
         835   1.1283791670955161     
         836   1.1283791670955170     
         837   1.1283791670955154     
         838   1.1283791670955168     
         839   1.1283791670955208     
         840   1.1283791670955166     
         841   1.1283791670955192     
         842   1.1283791670955194     
         843   1.1283791670955194     
         844   1.1283791670955177     
         845   1.1283791670955174     
         846   1.1283791670955194     
         847   1.1283791670955179     
         848   1.1283791670955208     
         849   1.1283791670955194     
         850   1.1283791670955170     
         851   1.1283791670955181     
         852   1.1283791670955186     
         853   1.1283791670955179     
         854   1.1283791670955172     
         855   1.1283791670955181     
         856   1.1283791670955179     
         857   1.1283791670955186     
         858   1.1283791670955179     
         859   1.1283791670955221     
         860   1.1283791670955186     
         861   1.1283791670955166     
         862   1.1283791670955168     
         863   1.1283791670955188     
         864   1.1283791670955179     
         865   1.1283791670955186     
         866   1.1283791670955186     
         867   1.1283791670955181     
         868   1.1283791670955199     
         869   1.1283791670955190     
         870   1.1283791670955203     
         871   1.1283791670955192     
         872   1.1283791670955243     
         873   1.1283791670955197     
         874   1.1283791670955197     
         875   1.1283791670955170     
         876   1.1283791670955190     
         877   1.1283791670955194     
         878   1.1283791670955210     
         879   1.1283791670955190     
         880   1.1283791670955214     
         881   1.1283791670955186     
         882   1.1283791670955203     
         883   1.1283791670955186     
         884   1.1283791670955179     
         885   1.1283791670955192     
         886   1.1283791670955186     
         887   1.1283791670955221     
         888   1.1283791670955192     
         889   1.1283791670955190     
         890   1.1283791670955230     
         891   1.1283791670955172     
         892   1.1283791670955208     
         893   1.1283791670955214     
         894   1.1283791670955221     
         895   1.1283791670955166     
         896   1.1283791670955239     
         897   1.1283791670955208     
         898   1.1283791670955188     
         899   1.1283791670955194     
         900   1.1283791670955194     
         901   1.1283791670955214     
         902   1.1283791670955208     
         903   1.1283791670955188     
         904   1.1283791670955194     
         905   1.1283791670955194     
         906   1.1283791670955208     
         907   1.1283791670955239     
         908   1.1283791670955186     
         909   1.1283791670955208     
         910   1.1283791670955188     
         911   1.1283791670955217     
         912   1.1283791670955214     
         913   1.1283791670955208     
         914   1.1283791670955208     
         915   1.1283791670955199     
         916   1.1283791670955217     
         917   1.1283791670955190     
         918   1.1283791670955210     
         919   1.1283791670955203     
         920   1.1283791670955248     
         921   1.1283791670955210     
         922   1.1283791670955210     
         923   1.1283791670955203     
         924   1.1283791670955208     
         925   1.1283791670955203     
         926   1.1283791670955232     
         927   1.1283791670955232     
         928   1.1283791670955181     
         929   1.1283791670955214     
         930   1.1283791670955221     
         931   1.1283791670955230     
         932   1.1283791670955199     
         933   1.1283791670955226     
         934   1.1283791670955226     
         935   1.1283791670955190     
         936   1.1283791670955214     
         937   1.1283791670955226     
         938   1.1283791670955245     
         939   1.1283791670955250     
         940   1.1283791670955199     
         941   1.1283791670955237     
         942   1.1283791670955174     
         943   1.1283791670955239     
         944   1.1283791670955203     
         945   1.1283791670955239     
         946   1.1283791670955239     
         947   1.1283791670955248     
         948   1.1283791670955230     
         949   1.1283791670955248     
         950   1.1283791670955230     
         951   1.1283791670955265     
         952   1.1283791670955214     
         953   1.1283791670955210     
         954   1.1283791670955232     
         955   1.1283791670955230     
         956   1.1283791670955221     
         957   1.1283791670955232     
         958   1.1283791670955252     
         959   1.1283791670955252     
         960   1.1283791670955254     
         961   1.1283791670955232     
         962   1.1283791670955250     
         963   1.1283791670955257     
         964   1.1283791670955230     
         965   1.1283791670955239     
         966   1.1283791670955226     
         967   1.1283791670955221     
         968   1.1283791670955248     
         969   1.1283791670955232     
         970   1.1283791670955265     
         971   1.1283791670955232     
         972   1.1283791670955268     
         973   1.1283791670955232     
         974   1.1283791670955243     
         975   1.1283791670955232     
         976   1.1283791670955252     
         977   1.1283791670955250     
         978   1.1283791670955259     
         979   1.1283791670955239     
         980   1.1283791670955265     
         981   1.1283791670955259     
         982   1.1283791670955243     
         983   1.1283791670955270     
         984   1.1283791670955263     
         985   1.1283791670955265     
         986   1.1283791670955250     
         987   1.1283791670955268     
         988   1.1283791670955303     
         989   1.1283791670955270     
         990   1.1283791670955254     
         991   1.1283791670955274     
         992   1.1283791670955281     
         993   1.1283791670955257     
         994   1.1283791670955261     
         995   1.1283791670955308     
         996   1.1283791670955274     
         997   1.1283791670955250     
         998   1.1283791670955252     
         999   1.1283791670955294     
        1000   1.1283791670955277     
