  0.50000000000000000        7.6821846146301462     
   1.0000000000000000        6.1392035662856985     
   1.5000000000000000        5.2525912344214376     
   2.0000000000000000        4.6368763017220127     
   2.5000000000000000        4.1705585877015325     
   3.0000000000000000        3.7991651242680740     
   3.5000000000000000        3.4934396640931467     
   4.0000000000000000        3.2358007308145242     
   4.5000000000000000        3.0148354504985790     
   5.0000000000000000        2.8227060363747776     
   5.5000000000000000        2.6537939204201773     
   6.0000000000000000        2.5039331853750819     
   6.5000000000000000        2.3699498387204763     
   7.0000000000000000        2.2493709490697866     
   7.5000000000000000        2.1402334437812085     
   8.0000000000000000        2.0409540949216325     
   8.5000000000000000        1.9502385359740482     
   9.0000000000000000        1.8670160011482504     
   9.5000000000000000        1.7903915014308727     
   10.000000000000000        1.7196101149242087     
   10.500000000000000        1.6540298778326443     
   11.000000000000000        1.5931008998574012     
   11.500000000000000        1.5363490620707880     
   12.000000000000000        1.4833631406930785     
   12.500000000000000        1.4337845278390937     
   13.000000000000000        1.3872989457391682     
   13.500000000000000        1.3436297087594118     
   14.000000000000000        1.3025321997857362     
   14.500000000000000        1.2637893085192629     
   15.000000000000000        1.2272076384408968     
   15.500000000000000        1.1926143330254586     
   16.000000000000000        1.1598544045875387     
   16.500000000000000        1.1287884739515524     
   17.000000000000000        1.0992908480873260     
   17.500000000000000        1.0712478774559382     
   18.000000000000000        1.0445565461603505     
   18.500000000000000        1.0191232568862081     
   19.000000000000000       0.99486277963447101     
   19.500000000000000       0.97169733882299580     
   20.000000000000000       0.94955581779366782     
   20.500000000000000       0.92837306335052949     
   21.000000000000000       0.90808927585933419     
   21.500000000000000       0.88864947280326023     
   22.000000000000000       0.87000301562379678     
   22.500000000000000       0.85210319126604017     
   23.000000000000000       0.83490684116112879     
   23.500000000000000       0.81837403146824195     
   24.000000000000000       0.80246775930644143     
   24.500000000000000       0.78715369046603878     
   25.000000000000000       0.77239992472677643     
   25.500000000000000       0.75817678544747957     
   26.000000000000000       0.74445663054621602     
   26.500000000000000       0.73121368237557494     
   27.000000000000000       0.71842387432582400     
   27.500000000000000       0.70606471226889855     
   28.000000000000000       0.69411514919607364     
   28.500000000000000       0.68255547160818297     
   29.000000000000000       0.67136719639459674     
   29.500000000000000       0.66053297709029246     
   30.000000000000000       0.65003651853282840     
   30.500000000000000       0.63986249905596393     
   31.000000000000000       0.62999649945660041     
   31.500000000000000       0.62042493805878396     
   32.000000000000000       0.61113501127455749     
   32.500000000000000       0.60211463912798779     
   33.000000000000000       0.59335241526704818     
   33.500000000000000       0.58483756103929097     
   34.000000000000000       0.57655988325237495     
   34.500000000000000       0.56850973528029836     
   35.000000000000000       0.56067798121134005     
   35.500000000000000       0.55305596276481517     
   36.000000000000000       0.54563546873132385     
   36.500000000000000       0.53840870671564522     
   37.000000000000000       0.53136827698320044     
   37.500000000000000       0.52450714823038191     
   38.000000000000000       0.51781863511634851     
   38.500000000000000       0.51129637740930922     
   39.000000000000000       0.50493432061414623     
   39.500000000000000       0.49872669796058505     
   40.000000000000000       0.49266801364221852     
   40.500000000000000       0.48675302720665520     
   41.000000000000000       0.48097673900601606     
   41.500000000000000       0.47533437662506933     
   42.000000000000000       0.46982138221156400     
   42.500000000000000       0.46443340063987587     
   43.000000000000000       0.45916626844501485     
   43.500000000000000       0.45401600346939053     
   44.000000000000000       0.44897879516959666     
   44.500000000000000       0.44405099553486627     
   45.000000000000000       0.43922911057284392     
   45.500000000000000       0.43450979232194609     
   46.000000000000000       0.42988983135287684     
   46.500000000000000       0.42536614972486503     
   47.000000000000000       0.42093579436492223     
   47.500000000000000       0.41659593084091256     
   48.000000000000000       0.41234383750150111     
   48.500000000000000       0.40817689995812045     
   49.000000000000000       0.40409260588600016     
   49.500000000000000       0.40008854012303696     
   50.000000000000000       0.39616238004687970     
   50.500000000000000       0.39231189121205717     
   51.000000000000000       0.38853492323032141     
   51.500000000000000       0.38482940587860115     
   52.000000000000000       0.38119334542009797     
   52.500000000000000       0.37762482112508555     
   53.000000000000000       0.37412198197893809     
   53.500000000000000       0.37068304356578691     
   54.000000000000000       0.36730628511701807     
   54.500000000000000       0.36399004671457180     
   55.000000000000000       0.36073272663969430     
   55.500000000000000       0.35753277885842849     
   56.000000000000000       0.35438871063572353     
   56.500000000000000       0.35129908027058332     
   57.000000000000000       0.34826249494517952     
   57.500000000000000       0.34527760868132457     
   58.000000000000000       0.34234312039812836     
   58.500000000000000       0.33945777206506561     
   59.000000000000000       0.33662034694505355     
   59.500000000000000       0.33382966792248353     
   60.000000000000000       0.33108459591147099     
   60.500000000000000       0.32838402833988900     
   61.000000000000000       0.32572689770502367     
   61.500000000000000       0.32311217019695065     
   62.000000000000000       0.32053884438597252     
   62.500000000000000       0.31800594997067777     
   63.000000000000000       0.31551254658339317     
   63.500000000000000       0.31305772264999510     
   64.000000000000000       0.31064059430122487     
   64.500000000000000       0.30826030433282747     
   65.000000000000000       0.30591602121198375     
   65.500000000000000       0.30360693812766099     
   66.000000000000000       0.30133227208264129     
   66.500000000000000       0.29909126302511507     
   67.000000000000000       0.29688317301785361     
   67.500000000000000       0.29470728544308022     
   68.000000000000000       0.29256290424127085     
   68.500000000000000       0.29044935318221471     
   69.000000000000000       0.28836597516675289     
   69.500000000000000       0.28631213155770735     
   70.000000000000000       0.28428720153859005     
   70.500000000000000       0.28229058149876091     
   71.000000000000000       0.28032168444377376     
   71.500000000000000       0.27837993942972000     
   72.000000000000000       0.27646479102044180     
   72.500000000000000       0.27457569876654508     
   73.000000000000000       0.27271213670520394     
   73.500000000000000       0.27087359287979462     
   74.000000000000000       0.26905956887845417     
   74.500000000000000       0.26726957939069929     
   75.000000000000000       0.26550315178129125     
   75.500000000000000       0.26375982568056983     
   76.000000000000000       0.26203915259052163     
   76.500000000000000       0.26034069550588440     
   77.000000000000000       0.25866402854962367     
   77.500000000000000       0.25700873662215173     
   78.000000000000000       0.25537441506369052     
   78.500000000000000       0.25376066932920760     
   79.000000000000000       0.25216711467538694     
   79.500000000000000       0.25059337585911506     
   80.000000000000000       0.24903908684699733     
   80.500000000000000       0.24750389053543423     
   81.000000000000000       0.24598743848081592     
   81.500000000000000       0.24448939063941089     
   82.000000000000000       0.24300941511654639     
   82.500000000000000       0.24154718792469704     
   83.000000000000000       0.24010239275011500     
   83.500000000000000       0.23867472072765325     
   84.000000000000000       0.23726387022344927     
   84.500000000000000       0.23586954662515147     
   85.000000000000000       0.23449146213938604     
   85.500000000000000       0.23312933559617405     
   86.000000000000000       0.23178289226002399     
   86.500000000000000       0.23045186364743570     
   87.000000000000000       0.22913598735056318     
   87.500000000000000       0.22783500686679711     
   88.000000000000000       0.22654867143403593     
   88.500000000000000       0.22527673587142644     
   89.000000000000000       0.22401896042536329     
   89.500000000000000       0.22277511062054675     
   90.000000000000000       0.22154495711590588     
   90.500000000000000       0.22032827556520407     
   91.000000000000000       0.21912484648214936     
   91.500000000000000       0.21793445510984305     
   92.000000000000000       0.21675689129440265     
   92.500000000000000       0.21559194936260664     
   93.000000000000000       0.21443942800341190     
   93.500000000000000       0.21329913015320201     
   94.000000000000000       0.21217086288463011     
   94.500000000000000       0.21105443729892723     
   95.000000000000000       0.20994966842154875     
   95.500000000000000       0.20885637510104127     
   96.000000000000000       0.20777437991101369     
   96.500000000000000       0.20670350905510221     
   97.000000000000000       0.20564359227482401     
   97.500000000000000       0.20459446276021634     
   98.000000000000000       0.20355595706316623     
   98.500000000000000       0.20252791501333373     
   99.000000000000000       0.20151017963658105     
   99.500000000000000       0.20050259707582041     
   100.00000000000000       0.19950501651419753     
   100.50000000000000       0.19851729010053040     
   101.00000000000000       0.19753927287692746     
   101.50000000000000       0.19657082270851090     
   102.00000000000000       0.19561180021517433     
   102.50000000000000       0.19466206870530606     
   103.00000000000000       0.19372149411141357     
   103.50000000000000       0.19278994492758417     
   104.00000000000000       0.19186729214872303     
   104.50000000000000       0.19095340921150886     
   105.00000000000000       0.19004817193701118     
   105.50000000000000       0.18915145847491546     
   106.00000000000000       0.18826314924930310     
   106.50000000000000       0.18738312690593667     
   107.00000000000000       0.18651127626100195     
   107.50000000000000       0.18564748425125951     
   108.00000000000000       0.18479163988556163     
   108.50000000000000       0.18394363419769072     
   109.00000000000000       0.18310336020047749     
   109.50000000000000       0.18227071284115912     
   110.00000000000000       0.18144558895793814     
   110.50000000000000       0.18062788723770395     
   111.00000000000000       0.17981750817488271     
   111.50000000000000       0.17901435403137897     
   112.00000000000000       0.17821832879757563     
   112.50000000000000       0.17742933815436140     
   113.00000000000000       0.17664728943615171     
   113.50000000000000       0.17587209159487596     
   114.00000000000000       0.17510365516489915     
   114.50000000000000       0.17434189222885110     
   115.00000000000000       0.17358671638433648     
   115.50000000000000       0.17283804271149794     
   116.00000000000000       0.17209578774140791     
   116.50000000000000       0.17135986942526468     
   117.00000000000000       0.17063020710436810     
   117.50000000000000       0.16990672148085301     
   118.00000000000000       0.16918933458915758     
   118.50000000000000       0.16847796976820542     
   119.00000000000000       0.16777255163428081     
   119.50000000000000       0.16707300605457634     
   120.00000000000000       0.16637926012139509     
   120.50000000000000       0.16569124212698677     
   121.00000000000000       0.16500888153900112     
   121.50000000000000       0.16433210897654044     
   122.00000000000000       0.16366085618679405     
   122.50000000000000       0.16299505602223890     
   123.00000000000000       0.16233464241839016     
   123.50000000000000       0.16167955037208567     
   124.00000000000000       0.16102971592029083     
   124.50000000000000       0.16038507611940839     
   125.00000000000000       0.15974556902507900     
   125.50000000000000       0.15911113367246013     
   126.00000000000000       0.15848171005696912     
   126.50000000000000       0.15785723911547844     
   127.00000000000000       0.15723766270795014     
   127.50000000000000       0.15662292359949798     
   128.00000000000000       0.15601296544286641     
   128.50000000000000       0.15540773276131309     
   129.00000000000000       0.15480717093188651     
   129.50000000000000       0.15421122616908686     
   130.00000000000000       0.15361984550889993     
   130.50000000000000       0.15303297679319472     
   131.00000000000000       0.15245056865447432     
   131.50000000000000       0.15187257050097216     
   132.00000000000000       0.15129893250208284     
   132.50000000000000       0.15072960557412016     
   133.00000000000000       0.15016454136639285     
   133.50000000000000       0.14960369224759093     
   134.00000000000000       0.14904701129247350     
   134.50000000000000       0.14849445226885044     
   135.00000000000000       0.14794596962485129     
   135.50000000000000       0.14740151847647343     
   136.00000000000000       0.14686105459540144     
   136.50000000000000       0.14632453439709295     
   137.00000000000000       0.14579191492912244     
   137.50000000000000       0.14526315385977692     
   138.00000000000000       0.14473820946689769     
   138.50000000000000       0.14421704062696164     
   139.00000000000000       0.14369960680439550     
   139.50000000000000       0.14318586804111888     
   140.00000000000000       0.14267578494630886     
   140.50000000000000       0.14216931868638100     
   141.00000000000000       0.14166643097518256     
   141.50000000000000       0.14116708406439074     
   142.00000000000000       0.14067124073411330     
   142.50000000000000       0.14017886428368426     
   143.00000000000000       0.13968991852265175     
   143.50000000000000       0.13920436776195280     
   144.00000000000000       0.13872217680526999     
   144.50000000000000       0.13824331094056624     
   145.00000000000000       0.13776773593179381     
   145.50000000000000       0.13729541801077208     
   146.00000000000000       0.13682632386923152     
   146.50000000000000       0.13636042065101911     
   147.00000000000000       0.13589767594446128     
   147.50000000000000       0.13543805777488147     
   148.00000000000000       0.13498153459726780     
   148.50000000000000       0.13452807528908775     
   149.00000000000000       0.13407764914324677     
   149.50000000000000       0.13363022586118664     
   150.00000000000000       0.13318577554612102     
   150.50000000000000       0.13274426869640482     
   151.00000000000000       0.13230567619903447     
   151.50000000000000       0.13186996932327549     
   152.00000000000000       0.13143711971441549     
   152.50000000000000       0.13100709938763874     
   153.00000000000000       0.13057988072201995     
   153.50000000000000       0.13015543645463507     
   154.00000000000000       0.12973373967478527     
   154.50000000000000       0.12931476381833301     
   155.00000000000000       0.12889848266214626     
   155.50000000000000       0.12848487031864966     
   156.00000000000000       0.12807390123047968     
   156.50000000000000       0.12766555016524095     
   157.00000000000000       0.12725979221036318     
   157.50000000000000       0.12685660276805397     
   158.00000000000000       0.12645595755034827     
   158.50000000000000       0.12605783257424974     
   159.00000000000000       0.12566220415696364     
   159.50000000000000       0.12526904891121879     
   160.00000000000000       0.12487834374067680     
   160.50000000000000       0.12449006583542607     
   161.00000000000000       0.12410419266755955     
   161.50000000000000       0.12372070198683408     
   162.00000000000000       0.12333957181640950     
   162.50000000000000       0.12296078044866610     
   163.00000000000000       0.12258430644109800     
   163.50000000000000       0.12221012861228235     
   164.00000000000000       0.12183822603792077     
   164.50000000000000       0.12146857804695332     
   165.00000000000000       0.12110116421774210     
   165.50000000000000       0.12073596437432411     
   166.00000000000000       0.12037295858273099     
   166.50000000000000       0.12001212714737483     
   167.00000000000000       0.11965345060749855     
   167.50000000000000       0.11929690973368939     
   168.00000000000000       0.11894248552445434     
   168.50000000000000       0.11859015920285609     
   169.00000000000000       0.11823991221320844     
   169.50000000000000       0.11789172621782967     
   170.00000000000000       0.11754558309385323     
   170.50000000000000       0.11720146493009367     
   171.00000000000000       0.11685935402396783     
   171.50000000000000       0.11651923287846902     
   172.00000000000000       0.11618108419919408     
   172.50000000000000       0.11584489089142168     
   173.00000000000000       0.11551063605724088     
   173.50000000000000       0.11517830299272941     
   174.00000000000000       0.11484787518517983     
   174.50000000000000       0.11451933631037355     
   175.00000000000000       0.11419267022990111     
   175.50000000000000       0.11386786098852802     
   176.00000000000000       0.11354489281160525     
   176.50000000000000       0.11322375010252345     
   177.00000000000000       0.11290441744021050     
   177.50000000000000       0.11258687957667024     
   178.00000000000000       0.11227112143456340     
   178.50000000000000       0.11195712810482837     
   179.00000000000000       0.11164488484434187     
   179.50000000000000       0.11133437707361846     
   180.00000000000000       0.11102559037454805     
   180.50000000000000       0.11071851048817115     
   181.00000000000000       0.11041312331249056     
   181.50000000000000       0.11010941490031888     
   182.00000000000000       0.10980737145716173     
   182.50000000000000       0.10950697933913531     
   183.00000000000000       0.10920822505091791     
   183.50000000000000       0.10891109524373499     
   184.00000000000000       0.10861557671337646     
   184.50000000000000       0.10832165639824663     
   185.00000000000000       0.10802932137744531     
   185.50000000000000       0.10773855886887959     
   186.00000000000000       0.10744935622740644     
   186.50000000000000       0.10716170094300446     
   187.00000000000000       0.10687558063897531     
   187.50000000000000       0.10659098307017348     
   188.00000000000000       0.10630789612126433     
   188.50000000000000       0.10602630780500953     
   189.00000000000000       0.10574620626057986     
   189.50000000000000       0.10546757975189416     
   190.00000000000000       0.10519041666598504     
   190.50000000000000       0.10491470551138951     
   191.00000000000000       0.10464043491656512     
   191.50000000000000       0.10436759362833098     
   192.00000000000000       0.10409617051033243     
   192.50000000000000       0.10382615454153027     
   193.00000000000000       0.10355753481471272     
   193.50000000000000       0.10329030053503073     
   194.00000000000000       0.10302444101855569     
   194.50000000000000       0.10275994569085925     
   195.00000000000000       0.10249680408561519     
   195.50000000000000       0.10223500584322207     
   196.00000000000000       0.10197454070944741     
   196.50000000000000       0.10171539853409232     
   197.00000000000000       0.10145756926967615     
   197.50000000000000       0.10120104297014135     
   198.00000000000000       0.10094580978957771     
   198.50000000000000       0.10069185998096573     
   199.00000000000000       0.10043918389493904     
   199.50000000000000       0.10018777197856521     
   200.00000000000000        9.9937614774144742E-002
   200.50000000000000        9.9688702918028102E-002
   201.00000000000000        9.9441027139450189E-002
   201.50000000000000        9.9194578259382188E-002
   202.00000000000000        9.8949347189400322E-002
   202.50000000000000        9.8705324930571325E-002
   203.00000000000000        9.8462502572354324E-002
   203.50000000000000        9.8220871291518824E-002
   204.00000000000000        9.7980422351078622E-002
   204.50000000000000        9.7741147099241102E-002
   205.00000000000000        9.7503036968372078E-002
   205.50000000000000        9.7266083473975432E-002
   206.00000000000000        9.7030278213687912E-002
   206.50000000000000        9.6795612866288031E-002
   207.00000000000000        9.6562079190719616E-002
   207.50000000000000        9.6329669025129308E-002
   208.00000000000000        9.6098374285917776E-002
   208.50000000000000        9.5868186966804742E-002
   209.00000000000000        9.5639099137907177E-002
   209.50000000000000        9.5411102944830822E-002
   210.00000000000000        9.5184190607774444E-002
   210.50000000000000        9.4958354420646957E-002
   211.00000000000000        9.4733586750196996E-002
   211.50000000000000        9.4509880035154786E-002
   212.00000000000000        9.4287226785386105E-002
   212.50000000000000        9.4065619581058219E-002
   213.00000000000000        9.3845051071817329E-002
   213.50000000000000        9.3625513975977764E-002
   214.00000000000000        9.3407001079722274E-002
   214.50000000000000        9.3189505236313822E-002
   215.00000000000000        9.2973019365317738E-002
   215.50000000000000        9.2757536451835376E-002
   216.00000000000000        9.2543049545747685E-002
   216.50000000000000        9.2329551760969866E-002
   217.00000000000000        9.2117036274715736E-002
   217.50000000000000        9.1905496326772557E-002
   218.00000000000000        9.1694925218785750E-002
   218.50000000000000        9.1485316313553167E-002
   219.00000000000000        9.1276663034329367E-002
   219.50000000000000        9.1068958864139016E-002
   220.00000000000000        9.0862197345100010E-002
   220.50000000000000        9.0656372077755079E-002
   221.00000000000000        9.0451476720413454E-002
   221.50000000000000        9.0247504988500399E-002
   222.00000000000000        9.0044450653916225E-002
   222.50000000000000        8.9842307544403560E-002
   223.00000000000000        8.9641069542923113E-002
   223.50000000000000        8.9440730587038011E-002
   224.00000000000000        8.9241284668306095E-002
   224.50000000000000        8.9042725831680422E-002
   225.00000000000000        8.8845048174917854E-002
   225.50000000000000        8.8648245847995286E-002
   226.00000000000000        8.8452313052533524E-002
   226.50000000000000        8.8257244041229255E-002
   227.00000000000000        8.8063033117293812E-002
   227.50000000000000        8.7869674633899927E-002
   228.00000000000000        8.7677162993635316E-002
   228.50000000000000        8.7485492647963736E-002
   229.00000000000000        8.7294658096692707E-002
   229.50000000000000        8.7104653887448619E-002
   230.00000000000000        8.6915474615158181E-002
   230.50000000000000        8.6727114921537021E-002
   231.00000000000000        8.6539569494584787E-002
   231.50000000000000        8.6352833068086415E-002
   232.00000000000000        8.6166900421120379E-002
   232.50000000000000        8.5981766377572988E-002
   233.00000000000000        8.5797425805658786E-002
   233.50000000000000        8.5613873617447420E-002
   234.00000000000000        8.5431104768396202E-002
   234.50000000000000        8.5249114256888942E-002
   235.00000000000000        8.5067897123780531E-002
   235.50000000000000        8.4887448451947137E-002
   236.00000000000000        8.4707763365842431E-002
   236.50000000000000        8.4528837031059137E-002
   237.00000000000000        8.4350664653896276E-002
   237.50000000000000        8.4173241480931818E-002
   238.00000000000000        8.3996562798600599E-002
   238.50000000000000        8.3820623932777866E-002
   239.00000000000000        8.3645420248367519E-002
   239.50000000000000        8.3470947148895913E-002
   240.00000000000000        8.3297200076110647E-002
   240.50000000000000        8.3124174509584078E-002
   241.00000000000000        8.2951865966322202E-002
   241.50000000000000        8.2780270000377881E-002
   242.00000000000000        8.2609382202469384E-002
   242.50000000000000        8.2439198199603034E-002
   243.00000000000000        8.2269713654701135E-002
   243.50000000000000        8.2100924266233874E-002
   244.00000000000000        8.1932825767856224E-002
   244.50000000000000        8.1765413928048952E-002
   245.00000000000000        8.1598684549764211E-002
   245.50000000000000        8.1432633470075289E-002
   246.00000000000000        8.1267256559830844E-002
   246.50000000000000        8.1102549723313058E-002
   247.00000000000000        8.0938508897900177E-002
   247.50000000000000        8.0775130053732852E-002
   248.00000000000000        8.0612409193384957E-002
   248.50000000000000        8.0450342351537779E-002
   249.00000000000000        8.0288925594658667E-002
   249.50000000000000        8.0128155020683170E-002
   250.00000000000000        7.9968026758701141E-002
   250.50000000000000        7.9808536968646565E-002
   251.00000000000000        7.9649681840991082E-002
   251.50000000000000        7.9491457596441079E-002
   252.00000000000000        7.9333860485638563E-002
   252.50000000000000        7.9176886788865392E-002
   253.00000000000000        7.9020532815751013E-002
   253.50000000000000        7.8864794904983868E-002
   254.00000000000000        7.8709669424025949E-002
   254.50000000000000        7.8555152768830724E-002
   255.00000000000000        7.8401241363564661E-002
   255.50000000000000        7.8247931660331546E-002
   256.00000000000000        7.8095220138900523E-002
   256.50000000000000        7.7943103306436820E-002
   257.00000000000000        7.7791577697236117E-002
   257.50000000000000        7.7640639872461559E-002
   258.00000000000000        7.7490286419883980E-002
   258.50000000000000        7.7340513953625276E-002
   259.00000000000000        7.7191319113904561E-002
   259.50000000000000        7.7042698566787221E-002
   260.00000000000000        7.6894649003937096E-002
   260.50000000000000        7.6747167142371203E-002
   261.00000000000000        7.6600249724217598E-002
   261.50000000000000        7.6453893516475649E-002
   262.00000000000000        7.6308095310779284E-002
   262.50000000000000        7.6162851923163022E-002
   263.00000000000000        7.6018160193830286E-002
   263.50000000000000        7.5874016986924878E-002
   264.00000000000000        7.5730419190304474E-002
   264.50000000000000        7.5587363715317130E-002
   265.00000000000000        7.5444847496580175E-002
   265.50000000000000        7.5302867491761377E-002
   266.00000000000000        7.5161420681362959E-002
   266.50000000000000        7.5020504068507826E-002
   267.00000000000000        7.4880114678728016E-002
   267.50000000000000        7.4740249559755931E-002
   268.00000000000000        7.4600905781317561E-002
   268.50000000000000        7.4462080434928163E-002
   269.00000000000000        7.4323770633690084E-002
   269.50000000000000        7.4185973512093120E-002
   270.00000000000000        7.4048686225816687E-002
   270.50000000000000        7.3911905951534476E-002
   271.00000000000000        7.3775629886721178E-002
   271.50000000000000        7.3639855249461317E-002
   272.00000000000000        7.3504579278260221E-002
   272.50000000000000        7.3369799231857005E-002
   273.00000000000000        7.3235512389039692E-002
   273.50000000000000        7.3101716048462342E-002
   274.00000000000000        7.2968407528464077E-002
   274.50000000000000        7.2835584166890233E-002
   275.00000000000000        7.2703243320915337E-002
   275.50000000000000        7.2571382366868026E-002
   276.00000000000000        7.2439998700058003E-002
   276.50000000000000        7.2309089734604592E-002
   277.00000000000000        7.2178652903267498E-002
   277.50000000000000        7.2048685657278941E-002
   278.00000000000000        7.1919185466178176E-002
   278.50000000000000        7.1790149817647184E-002
   279.00000000000000        7.1661576217348644E-002
   279.50000000000000        7.1533462188765204E-002
   280.00000000000000        7.1405805273040870E-002
   280.50000000000000        7.1278603028823773E-002
   281.00000000000000        7.1151853032110760E-002
   281.50000000000000        7.1025552876093606E-002
   282.00000000000000        7.0899700171006913E-002
   282.50000000000000        7.0774292543977532E-002
   283.00000000000000        7.0649327638875589E-002
   283.50000000000000        7.0524803116167184E-002
   284.00000000000000        7.0400716652768480E-002
   284.50000000000000        7.0277065941901501E-002
   285.00000000000000        7.0153848692951298E-002
   285.50000000000000        7.0031062631324748E-002
   286.00000000000000        6.9908705498310672E-002
   286.50000000000000        6.9786775050941552E-002
   287.00000000000000        6.9665269061856688E-002
   287.50000000000000        6.9544185319166604E-002
   288.00000000000000        6.9423521626319096E-002
   288.50000000000000        6.9303275801966588E-002
   289.00000000000000        6.9183445679834657E-002
   289.50000000000000        6.9064029108592356E-002
   290.00000000000000        6.8945023951723458E-002
   290.50000000000000        6.8826428087399152E-002
   291.00000000000000        6.8708239408352273E-002
   291.50000000000000        6.8590455821752438E-002
   292.00000000000000        6.8473075249082790E-002
   292.50000000000000        6.8356095626017813E-002
   293.00000000000000        6.8239514902302428E-002
   293.50000000000000        6.8123331041632484E-002
   294.00000000000000        6.8007542021536124E-002
   294.50000000000000        6.7892145833256839E-002
   295.00000000000000        6.7777140481637105E-002
   295.50000000000000        6.7662523985003845E-002
   296.00000000000000        6.7548294375054538E-002
   296.50000000000000        6.7434449696744739E-002
   297.00000000000000        6.7320988008176666E-002
   297.50000000000000        6.7207907380488888E-002
   298.00000000000000        6.7095205897747187E-002
   298.50000000000000        6.6982881656836427E-002
   299.00000000000000        6.6870932767353577E-002
   299.50000000000000        6.6759357351501791E-002
   300.00000000000000        6.6648153543985469E-002
   300.50000000000000        6.6537319491906513E-002
   301.00000000000000        6.6426853354661392E-002
   301.50000000000000        6.6316753303839598E-002
   302.00000000000000        6.6207017523122622E-002
   302.50000000000000        6.6097644208184328E-002
   303.00000000000000        6.5988631566592112E-002
   303.50000000000000        6.5879977817709143E-002
   304.00000000000000        6.5771681192597478E-002
   304.50000000000000        6.5663739933922188E-002
   305.00000000000000        6.5556152295856332E-002
   305.50000000000000        6.5448916543987060E-002
   306.00000000000000        6.5342030955222438E-002
   306.50000000000000        6.5235493817699192E-002
   307.00000000000000        6.5129303430691537E-002
   307.50000000000000        6.5023458104520745E-002
   308.00000000000000        6.4917956160465543E-002
   308.50000000000000        6.4812795930673475E-002
   309.00000000000000        6.4707975758073216E-002
   309.50000000000000        6.4603493996287467E-002
   310.00000000000000        6.4499349009546986E-002
   310.50000000000000        6.4395539172605210E-002
   311.00000000000000        6.4292062870653810E-002
   311.50000000000000        6.4188918499239120E-002
   312.00000000000000        6.4086104464179186E-002
   312.50000000000000        6.3983619181481835E-002
   313.00000000000000        6.3881461077263335E-002
   313.50000000000000        6.3779628587667891E-002
   314.00000000000000        6.3678120158787987E-002
   314.50000000000000        6.3576934246585420E-002
   315.00000000000000        6.3476069316813030E-002
   315.50000000000000        6.3375523844937304E-002
   316.00000000000000        6.3275296316061561E-002
   316.50000000000000        6.3175385224850084E-002
   317.00000000000000        6.3075789075452693E-002
   317.50000000000000        6.2976506381430153E-002
   318.00000000000000        6.2877535665680467E-002
   318.50000000000000        6.2778875460365549E-002
   319.00000000000000        6.2680524306838736E-002
   319.50000000000000        6.2582480755573072E-002
   320.00000000000000        6.2484743366090015E-002
   320.50000000000000        6.2387310706889111E-002
   321.00000000000000        6.2290181355378074E-002
   321.50000000000000        6.2193353897803630E-002
   322.00000000000000        6.2096826929183058E-002
   322.50000000000000        6.2000599053236218E-002
   323.00000000000000        6.1904668882318298E-002
   323.50000000000000        6.1809035037353223E-002
   324.00000000000000        6.1713696147767602E-002
   324.50000000000000        6.1618650851425330E-002
   325.00000000000000        6.1523897794562750E-002
   325.50000000000000        6.1429435631724476E-002
   326.00000000000000        6.1335263025699742E-002
   326.50000000000000        6.1241378647459342E-002
   327.00000000000000        6.1147781176093256E-002
   327.50000000000000        6.1054469298748665E-002
   328.00000000000000        6.0961441710568637E-002
   328.50000000000000        6.0868697114631429E-002
   329.00000000000000        6.0776234221890178E-002
   329.50000000000000        6.0684051751113299E-002
   330.00000000000000        6.0592148428825363E-002
   330.50000000000000        6.0500522989248469E-002
   331.00000000000000        6.0409174174244178E-002
   331.50000000000000        6.0318100733256039E-002
   332.00000000000000        6.0227301423252541E-002
   332.50000000000000        6.0136775008670568E-002
   333.00000000000000        6.0046520261359489E-002
   333.50000000000000        5.9956535960525602E-002
   334.00000000000000        5.9866820892677156E-002
   334.50000000000000        5.9777373851569879E-002
   335.00000000000000        5.9688193638152927E-002
   335.50000000000000        5.9599279060515362E-002
   336.00000000000000        5.9510628933833132E-002
   336.50000000000000        5.9422242080316420E-002
   337.00000000000000        5.9334117329157630E-002
   337.50000000000000        5.9246253516479629E-002
   338.00000000000000        5.9158649485284605E-002
   338.50000000000000        5.9071304085403356E-002
   339.00000000000000        5.8984216173444917E-002
   339.50000000000000        5.8897384612746809E-002
   340.00000000000000        5.8810808273325549E-002
   340.50000000000000        5.8724486031827679E-002
   341.00000000000000        5.8638416771481301E-002
   341.50000000000000        5.8552599382047883E-002
   342.00000000000000        5.8467032759774565E-002
   342.50000000000000        5.8381715807346905E-002
   343.00000000000000        5.8296647433842032E-002
   343.50000000000000        5.8211826554682072E-002
   344.00000000000000        5.8127252091588283E-002
   344.50000000000000        5.8042922972535264E-002
   345.00000000000000        5.7958838131705680E-002
   345.50000000000000        5.7874996509445518E-002
   346.00000000000000        5.7791397052219508E-002
   346.50000000000000        5.7708038712567071E-002
   347.00000000000000        5.7624920449058571E-002
   347.50000000000000        5.7542041226252096E-002
   348.00000000000000        5.7459400014650282E-002
   348.50000000000000        5.7376995790657970E-002
   349.00000000000000        5.7294827536539826E-002
   349.50000000000000        5.7212894240378454E-002
   350.00000000000000        5.7131194896033022E-002
   350.50000000000000        5.7049728503097960E-002
   351.00000000000000        5.6968494066862295E-002
   351.50000000000000        5.6887490598269135E-002
   352.00000000000000        5.6806717113875520E-002
   352.50000000000000        5.6726172635812713E-002
   353.00000000000000        5.6645856191746786E-002
   353.50000000000000        5.6565766814839477E-002
   354.00000000000000        5.6485903543709394E-002
   354.50000000000000        5.6406265422393707E-002
   355.00000000000000        5.6326851500309895E-002
   355.50000000000000        5.6247660832218035E-002
   356.00000000000000        5.6168692478183277E-002
   356.50000000000000        5.6089945503538761E-002
   357.00000000000000        5.6011418978848690E-002
   357.50000000000000        5.5933111979871837E-002
   358.00000000000000        5.5855023587525268E-002
   358.50000000000000        5.5777152887848500E-002
   359.00000000000000        5.5699498971967777E-002
   359.50000000000000        5.5622060936060785E-002
   360.00000000000000        5.5544837881321613E-002
   360.50000000000000        5.5467828913925973E-002
   361.00000000000000        5.5391033144996792E-002
   361.50000000000000        5.5314449690569985E-002
   362.00000000000000        5.5238077671560623E-002
   362.50000000000000        5.5161916213729234E-002
   363.00000000000000        5.5085964447648593E-002
   363.50000000000000        5.5010221508670548E-002
   364.00000000000000        5.4934686536893276E-002
   364.50000000000000        5.4859358677128801E-002
   365.00000000000000        5.4784237078870715E-002
   365.50000000000000        5.4709320896262140E-002
   366.00000000000000        5.4634609288064115E-002
   366.50000000000000        5.4560101417624032E-002
   367.00000000000000        5.4485796452844487E-002
   367.50000000000000        5.4411693566152310E-002
   368.00000000000000        5.4337791934467840E-002
   368.50000000000000        5.4264090739174507E-002
   369.00000000000000        5.4190589166088633E-002
   369.50000000000000        5.4117286405429399E-002
   370.00000000000000        5.4044181651789258E-002
   370.50000000000000        5.3971274104104315E-002
   371.00000000000000        5.3898562965625223E-002
   371.50000000000000        5.3826047443888046E-002
   372.00000000000000        5.3753726750685613E-002
   372.50000000000000        5.3681600102038943E-002
   373.00000000000000        5.3609666718168816E-002
   373.50000000000000        5.3537925823467905E-002
   374.00000000000000        5.3466376646472760E-002
   374.50000000000000        5.3395018419836245E-002
   375.00000000000000        5.3323850380300075E-002
   375.50000000000000        5.3252871768667685E-002
   376.00000000000000        5.3182081829777204E-002
   376.50000000000000        5.3111479812474716E-002
   377.00000000000000        5.3041064969587666E-002
   377.50000000000000        5.2970836557898623E-002
   378.00000000000000        5.2900793838119027E-002
   378.50000000000000        5.2830936074863367E-002
   379.00000000000000        5.2761262536623360E-002
   379.50000000000000        5.2691772495742563E-002
   380.00000000000000        5.2622465228390931E-002
   380.50000000000000        5.2553340014539783E-002
   381.00000000000000        5.2484396137936880E-002
   381.50000000000000        5.2415632886081649E-002
   382.00000000000000        5.2347049550200711E-002
   382.50000000000000        5.2278645425223536E-002
   383.00000000000000        5.2210419809758254E-002
   383.50000000000000        5.2142372006067771E-002
   384.00000000000000        5.2074501320045943E-002
   384.50000000000000        5.2006807061193983E-002
   385.00000000000000        5.1939288542597141E-002
   385.50000000000000        5.1871945080901372E-002
   386.00000000000000        5.1804775996290409E-002
   386.50000000000000        5.1737780612462800E-002
   387.00000000000000        5.1670958256609278E-002
   387.50000000000000        5.1604308259390309E-002
   388.00000000000000        5.1537829954913655E-002
   388.50000000000000        5.1471522680712214E-002
   389.00000000000000        5.1405385777722148E-002
   389.50000000000000        5.1339418590260935E-002
   390.00000000000000        5.1273620466005781E-002
   390.50000000000000        5.1207990755972120E-002
   391.00000000000000        5.1142528814492286E-002
   391.50000000000000        5.1077233999194310E-002
   392.00000000000000        5.1012105670981030E-002
   392.50000000000000        5.0947143194009156E-002
   393.00000000000000        5.0882345935668608E-002
   393.50000000000000        5.0817713266562051E-002
   394.00000000000000        5.0753244560484440E-002
   394.50000000000000        5.0688939194402878E-002
   395.00000000000000        5.0624796548436553E-002
   395.50000000000000        5.0560816005836798E-002
   396.00000000000000        5.0496996952967374E-002
   396.50000000000000        5.0433338779284798E-002
   397.00000000000000        5.0369840877318987E-002
   397.50000000000000        5.0306502642653884E-002
   398.00000000000000        5.0243323473908273E-002
   398.50000000000000        5.0180302772716817E-002
   399.00000000000000        5.0117439943711109E-002
   399.50000000000000        5.0054734394501033E-002
   400.00000000000000        4.9992185535656056E-002
   400.50000000000000        4.9929792780686863E-002
   401.00000000000000        4.9867555546026975E-002
   401.50000000000000        4.9805473251014587E-002
   402.00000000000000        4.9743545317874539E-002
   402.50000000000000        4.9681771171700390E-002
   403.00000000000000        4.9620150240436631E-002
   403.50000000000000        4.9558681954861031E-002
   404.00000000000000        4.9497365748567140E-002
   404.50000000000000        4.9436201057946910E-002
   405.00000000000000        4.9375187322173379E-002
   405.50000000000000        4.9314323983183660E-002
   406.00000000000000        4.9253610485661764E-002
   406.50000000000000        4.9193046277021882E-002
   407.00000000000000        4.9132630807391567E-002
   407.50000000000000        4.9072363529595049E-002
   408.00000000000000        4.9012243899136824E-002
   408.50000000000000        4.8952271374185188E-002
   409.00000000000000        4.8892445415556048E-002
   409.50000000000000        4.8832765486696669E-002
   410.00000000000000        4.8773231053669736E-002
   410.50000000000000        4.8713841585137377E-002
   411.00000000000000        4.8654596552345421E-002
   411.50000000000000        4.8595495429107682E-002
   412.00000000000000        4.8536537691790366E-002
   412.50000000000000        4.8477722819296666E-002
   413.00000000000000        4.8419050293051408E-002
   413.50000000000000        4.8360519596985785E-002
   414.00000000000000        4.8302130217522249E-002
   414.50000000000000        4.8243881643559548E-002
   415.00000000000000        4.8185773366457740E-002
   415.50000000000000        4.8127804880023467E-002
   416.00000000000000        4.8069975680495196E-002
   416.50000000000000        4.8012285266528711E-002
   417.00000000000000        4.7954733139182575E-002
   417.50000000000000        4.7897318801903788E-002
   418.00000000000000        4.7840041760513513E-002
   418.50000000000000        4.7782901523192832E-002
   419.00000000000000        4.7725897600468831E-002
   419.50000000000000        4.7669029505200466E-002
   420.00000000000000        4.7612296752564801E-002
   420.50000000000000        4.7555698860043190E-002
   421.00000000000000        4.7499235347407631E-002
   421.50000000000000        4.7442905736707175E-002
   422.00000000000000        4.7386709552254477E-002
   422.50000000000000        4.7330646320612339E-002
   423.00000000000000        4.7274715570580515E-002
   423.50000000000000        4.7218916833182446E-002
   424.00000000000000        4.7163249641652215E-002
   424.50000000000000        4.7107713531421506E-002
   425.00000000000000        4.7052308040106676E-002
   425.50000000000000        4.6997032707495938E-002
   426.00000000000000        4.6941887075536683E-002
   426.50000000000000        4.6886870688322743E-002
   427.00000000000000        4.6831983092081884E-002
   427.50000000000000        4.6777223835163362E-002
   428.00000000000000        4.6722592468025466E-002
   428.50000000000000        4.6668088543223282E-002
   429.00000000000000        4.6613711615396507E-002
   429.50000000000000        4.6559461241257205E-002
   430.00000000000000        4.6505336979577941E-002
   430.50000000000000        4.6451338391179667E-002
   431.00000000000000        4.6397465038919943E-002
   431.50000000000000        4.6343716487681125E-002
   432.00000000000000        4.6290092304358654E-002
   432.50000000000000        4.6236592057849406E-002
   433.00000000000000        4.6183215319040197E-002
   433.50000000000000        4.6129961660796255E-002
   434.00000000000000        4.6076830657949874E-002
   434.50000000000000        4.6023821887289137E-002
   435.00000000000000        4.5970934927546593E-002
   435.50000000000000        4.5918169359388160E-002
   436.00000000000000        4.5865524765402038E-002
   436.50000000000000        4.5813000730087740E-002
   437.00000000000000        4.5760596839845138E-002
   437.50000000000000        4.5708312682963562E-002
   438.00000000000000        4.5656147849611126E-002
   438.50000000000000        4.5604101931823945E-002
   439.00000000000000        4.5552174523495560E-002
   439.50000000000000        4.5500365220366316E-002
   440.00000000000000        4.5448673620012939E-002
   440.50000000000000        4.5397099321838101E-002
   441.00000000000000        4.5345641927060060E-002
   441.50000000000000        4.5294301038702418E-002
   442.00000000000000        4.5243076261583873E-002
   442.50000000000000        4.5191967202308149E-002
   443.00000000000000        4.5140973469253852E-002
   443.50000000000000        4.5090094672564557E-002
   444.00000000000000        4.5039330424138803E-002
   444.50000000000000        4.4988680337620282E-002
   445.00000000000000        4.4938144028388000E-002
   445.50000000000000        4.4887721113546594E-002
   446.00000000000000        4.4837411211916631E-002
   446.50000000000000        4.4787213944024989E-002
   447.00000000000000        4.4737128932095423E-002
   447.50000000000000        4.4687155800038923E-002
   448.00000000000000        4.4637294173444475E-002
   448.50000000000000        4.4587543679569630E-002
   449.00000000000000        4.4537903947331182E-002
   449.50000000000000        4.4488374607296065E-002
   450.00000000000000        4.4438955291672078E-002
   450.50000000000000        4.4389645634298855E-002
   451.00000000000000        4.4340445270638768E-002
   451.50000000000000        4.4291353837768034E-002
   452.00000000000000        4.4242370974367715E-002
   452.50000000000000        4.4193496320714877E-002
   453.00000000000000        4.4144729518673820E-002
   453.50000000000000        4.4096070211687301E-002
   454.00000000000000        4.4047518044767871E-002
   454.50000000000000        4.3999072664489228E-002
   455.00000000000000        4.3950733718977661E-002
   455.50000000000000        4.3902500857903516E-002
   456.00000000000000        4.3854373732472730E-002
   456.50000000000000        4.3806351995418540E-002
   457.00000000000000        4.3758435300992882E-002
   457.50000000000000        4.3710623304958403E-002
   458.00000000000000        4.3662915664580013E-002
   458.50000000000000        4.3615312038616745E-002
   459.00000000000000        4.3567812087313626E-002
   459.50000000000000        4.3520415472393707E-002
   460.00000000000000        4.3473121857049823E-002
   460.50000000000000        4.3425930905936785E-002
   461.00000000000000        4.3378842285163428E-002
   461.50000000000000        4.3331855662284674E-002
   462.00000000000000        4.3284970706293800E-002
   462.50000000000000        4.3238187087614594E-002
   463.00000000000000        4.3191504478093681E-002
   463.50000000000000        4.3144922550992858E-002
   464.00000000000000        4.3098440980981416E-002
   464.50000000000000        4.3052059444128668E-002
   465.00000000000000        4.3005777617896319E-002
   465.50000000000000        4.2959595181131092E-002
   466.00000000000000        4.2913511814057226E-002
   466.50000000000000        4.2867527198269112E-002
   467.00000000000000        4.2821641016724026E-002
   467.50000000000000        4.2775852953734789E-002
   468.00000000000000        4.2730162694962506E-002
   468.50000000000000        4.2684569927409446E-002
   469.00000000000000        4.2639074339411873E-002
   469.50000000000000        4.2593675620632911E-002
   470.00000000000000        4.2548373462055526E-002
   470.50000000000000        4.2503167555975510E-002
   471.00000000000000        4.2458057595994525E-002
   471.50000000000000        4.2413043277013188E-002
   472.00000000000000        4.2368124295224165E-002
   472.50000000000000        4.2323300348105344E-002
   473.00000000000000        4.2278571134413107E-002
   473.50000000000000        4.2233936354175480E-002
   474.00000000000000        4.2189395708685545E-002
   474.50000000000000        4.2144948900494687E-002
   475.00000000000000        4.2100595633406047E-002
   475.50000000000000        4.2056335612467854E-002
   476.00000000000000        4.2012168543966999E-002
   476.50000000000000        4.1968094135422455E-002
   477.00000000000000        4.1924112095578892E-002
   477.50000000000000        4.1880222134400152E-002
   478.00000000000000        4.1836423963063071E-002
   478.50000000000000        4.1792717293950926E-002
   479.00000000000000        4.1749101840647299E-002
   479.50000000000000        4.1705577317929718E-002
   480.00000000000000        4.1662143441763562E-002
   480.50000000000000        4.1618799929295763E-002
   481.00000000000000        4.1575546498848724E-002
   481.50000000000000        4.1532382869914237E-002
   482.00000000000000        4.1489308763147423E-002
   482.50000000000000        4.1446323900360627E-002
   483.00000000000000        4.1403428004517524E-002
   483.50000000000000        4.1360620799727153E-002
   484.00000000000000        4.1317902011237959E-002
   484.50000000000000        4.1275271365431979E-002
   485.00000000000000        4.1232728589818961E-002
   485.50000000000000        4.1190273413030526E-002
   486.00000000000000        4.1147905564814513E-002
   486.50000000000000        4.1105624776029172E-002
   487.00000000000000        4.1063430778637416E-002
   487.50000000000000        4.1021323305701289E-002
   488.00000000000000        4.0979302091376214E-002
   488.50000000000000        4.0937366870905496E-002
   489.00000000000000        4.0895517380614692E-002
   489.50000000000000        4.0853753357906135E-002
   490.00000000000000        4.0812074541253428E-002
   490.50000000000000        4.0770480670195980E-002
   491.00000000000000        4.0728971485333589E-002
   491.50000000000000        4.0687546728321047E-002
   492.00000000000000        4.0646206141862797E-002
   492.50000000000000        4.0604949469707587E-002
   493.00000000000000        4.0563776456643212E-002
   493.50000000000000        4.0522686848491189E-002
   494.00000000000000        4.0481680392101621E-002
   494.50000000000000        4.0440756835347896E-002
   495.00000000000000        4.0399915927121624E-002
   495.50000000000000        4.0359157417327429E-002
   496.00000000000000        4.0318481056877888E-002
   496.50000000000000        4.0277886597688384E-002
   497.00000000000000        4.0237373792672206E-002
   497.50000000000000        4.0196942395735409E-002
   498.00000000000000        4.0156592161771872E-002
   498.50000000000000        4.0116322846658392E-002
   499.00000000000000        4.0076134207249675E-002
   499.50000000000000        4.0036026001373536E-002
   500.00000000000000        3.9995997987825965E-002
