 # freal=    4.7459436532766439     
           1  -7.1831577877176747     
           2  -7.1831577877176747     
           3  -13.748633002428130     
           4  -13.748633002428130     
           5  -7.1667974138037041     
           6  -7.1667974138037041     
           7   6.4390031556418350     
           8   6.4390031556418350     
           9   5.2945875328432619     
          10   5.2945875328432619     
          11   4.9729949754184455     
          12   4.9729949754184455     
          13   4.8581930321902291     
          14   4.8581930321902291     
          15   4.8082293189790155     
          16   4.8082293189790155     
          17   4.7834299998916388     
          18   4.7834299998916388     
          19   4.7699143025447670     
          20   4.7699143025447670     
          21   4.7620116790887108     
          22   4.7620116790887108     
          23   4.7571296792464688     
          24   4.7571296792464688     
          25   4.7539769274948904     
          26   4.7539769274948904     
          27   4.7518649962221504     
          28   4.7518649962221504     
          29   4.7504060699552699     
          30   4.7504060699552699     
          31   4.7493714265694065     
          32   4.7493714265694065     
          33   4.7486208372483949     
          34   4.7486208372483949     
          35   4.7480654185139146     
          36   4.7480654185139146     
          37   4.7476471798831694     
          38   4.7476471798831694     
          39   4.7473273149840622     
          40   4.7473273149840622     
          41   4.7470792659924923     
          42   4.7470792659924923     
          43   4.7468844903784584     
          44   4.7468844903784584     
          45   4.7467298073161039     
          46   4.7467298073161039     
          47   4.7466056941960195     
          48   4.7466056941960195     
          49   4.7465051693586053     
          50   4.7465051693586053     
          51   4.7464230449483322     
          52   4.7464230449483322     
          53   4.7463554183740868     
          54   4.7463554183740868     
          55   4.7462993205423354     
          56   4.7462993205423354     
          57   4.7462524688999421     
          58   4.7462524688999421     
          59   4.7462130916774923     
          60   4.7462130916774923     
          61   4.7461798012151695     
          62   4.7461798012151695     
          63   4.7461515015914975     
          64   4.7461515015914975     
          65   4.7461273205273367     
          66   4.7461273205273367     
          67   4.7461065586755371     
          68   4.7461065586755371     
          69   4.7460886514963834     
          70   4.7460886514963834     
          71   4.7460731403399068     
          72   4.7460731403399068     
          73   4.7460596503282169     
          74   4.7460596503282169     
          75   4.7460478733051632     
          76   4.7460478733051632     
          77   4.7460375545946585     
          78   4.7460375545946585     
          79   4.7460284826460706     
          80   4.7460284826460706     
          81   4.7460204808815627     
          82   4.7460204808815627     
          83   4.7460134012384021     
          84   4.7460134012384021     
          85   4.7460071190235800     
          86   4.7460071190235800     
          87   4.7460015287888480     
          88   4.7460015287888480     
          89   4.7459965410091405     
          90   4.7459965410091405     
          91   4.7459920793912973     
          92   4.7459920793912973     
          93   4.7459880786841717     
          94   4.7459880786841717     
          95   4.7459844828895434     
          96   4.7459844828895434     
          97   4.7459812437911042     
          98   4.7459812437911042     
          99   4.7459783197424317     
         100   4.7459783197424317     
